2138762856
2639100153
2310193886
2974071427
145487547
2553488030
2965596472
2108473615
7071958
2311019828
2896190849
2707503730
2546021934
2097035225
2787139323
2227303127
2473894046
2973768292
2668332944
2230673808
2687711334
2231773769
2885851425
2128051339
2298459957
2314232819
1987755121
2939864671
2111552791
2899844254
2161723673
2711435735
2599650906
2147836937
2505703639
2152325489
2123882247
2430159358
2768319220
1984994054
2106640644
2171040760
2608422787
1277437070
2226626640
2286091311
159046444
2107100953
2646421264
2912008687
229879864
2225972395
2001743771
2144260230
2568086240
2730772141
2636196605
2477602866
2159287428
2000108749
2124033331
2675373843
2144397408
2633858679
2628810425
2405034779
2202973957
2140556776
2626762723
2316596299
2229818249
2176365290
