oneHopID
2106238981
2558543881
105756682
11059210
2780207114
2629003279
2120433680
2514122770
1989816340
2156083226
2138259483
2166546464
2153338916
2404485160
2985693224
2135408682
1964853290
65685553
318025778
107632699
2722912317
2111901760
2460936257
2285275206
1208922185
2464094287
2159767633
1540776023
2151264347
2260621408
2494990432
2114973795
2151780452
181516391
85442675
1973897333
2086393978
1980393595
2110529662
2120636544
2163136642
2941995138
2508456075
1993734283
2116327567
4823187
2062901400
2114521251
2710372522
2613223595
2724047020
2132590765
2156007599
609509551
2285891762
1998155958
2007814330
1023361224
1234911434
2236934353
431165649
1740826834
2156312790
2223851735
2237110490
2134696157
2097006817
2889300199
694493417
1919981802
307687659
2169348332
250841333
2406686966
2153265399
2281634038
2585487612
2120962308
2106640644
2157269254
2098432262
2557919497
217108747
2585219341
2461088018
2134006035
2307182867
2402392341
2566598933
1985872151
2951991577
2474357024
2151465254
2153189671
581767464
2140539176
2949447980
2119538990
2162106674
2162262327
2106597688
57747768
2118168888
2164197688
2179236157
2569644349
2075955518
2120581443
2275578183
1995245898
2221625686
2110083415
2064822616
65538393
2096597339
2779707740
2142703967
2209458529
2114494819
186347876
2283469157
2160918886
2224476519
1967149413
2033301860
2019123558
285317484
2601992558
41634159
2642293104
2101152111
2610295154
36426099
2234775923
2122303858
2800148855
2974167417
2167814525
2083973505
2165053838
2617164185
2480847260
2941272482
2043474341
137675174
2069086639
2033111473
700277173
2160652726
2071216566
1982708149
2661192123
668754370
421261762
2123053512
2064546257
2513848785
2293162450
2280239581
2241839582
2151999969
2017171942
2168367594
2897398250
672946669
2122858989
2703581679
281248241
2974253553
60426740
2054601208
2617174523
2133529084
1978915323
2974097918
2106788355
2320630284
2136328717
2277304846
340644367
2151930384
288512535
2106747418
2440458778
2893652513
2153527842
2107927076
2136496678
2132564525
2235984432
2155498033
2623494704
2019637813
243300917
2655339063
2701990453
2028079677
24574532
2764380741
156709449
1243220554
2029324877
318894673
2111732306
1978395223
2148713048
2112543321
466258520
2314592861
2438267486
2510363232
1982493283
2128083561
2803421804
2063104620
2651294325
47020662
57244279
405514873
2419864182
1259442811
212763259
2683595391
2684232322
2153812614
2134803084
247353998
2056505999
2128081554
2110407315
2439529108
2951047836
2134725277
2305688220
2633484956
238619296
2629386913
2101762721
2310750883
2163909284
2527193764
2278163111
248646318
2244698799
2143832750
2019832499
2345134772
2072050358
2129930937
2693208761
2615413435
2140973757
2166592190
1983664831
2106636992
2051691203
1999332037
1995657925
2019529423
2124380882
2270120658
2128431829
2130827991
2183529176
2155688665
432714458
2674707169
2985095907
2169105131
2221798127
2509101809
2779151091
2154115838
2467949317
2121681675
2071708429
2303603470
2303458062
2223797009
2642582295
1097462565
2988876583
283534124
2052950829
2101365550
223511343
2948604721
2027258673
2974462771
2178157365
223632183
1748740921
91011899
2111957820
2615225160
2636860234
1987922762
519054157
2579323750
1996854119
348830572
215415661
2716261231
1953362800
2223672179
2949419894
2101558141
274262910
2429903744
555324291
2027615108
2576251780
343899017
2307408782
348251026
2468610965
2310624153
2002613147
2042309534
2289445791
2031963039
2712779683
2974028722
356043702
1577386936
2098086841
2823762873
208343995
2551528380
2134590396
430924733
215131072
2105451459
2485834696
2672157641
236344266
2470130636
2436602830
1846143951
2573829071
2688275409
2290189267
2764078041
2078690267
2029583323
2466583516
20186083
2142581733
2426223590
245298155
2472600557
2122410992
2124948465
2012611587
252695556
2003047429
1974803462
2149458952
59446286
2558630929
716715026
2305188883
2129693715
1518834709
2173043732
2590383127
2369459224
128685082
2715071517
2097546270
2139878428
2620496930
2326922279
2059158575
2066146355
2068669492
1983898678
2568838204
2035864640
1966173252
687553606
512556102
2034922566
1513655371
2098254923
1966158927
2395542607
2165376081
2142274643
237352020
2131323989
534826070
2115386452
2586647640
1546411094
2526329946
2232364123
2277956701
237745248
2132595810
2609187939
2078899301
2547819623
2146581609
2781248620
2144418927
2121202801
2152424561
2122007671
729685111
307844215
2776087671
2606083195
2009814137
2148877438
2658903168
1987890305
2134830209
2634640516
2645210244
2163328135
2128051339
1681405076
2154796182
2970901654
676787352
2154781858
2296194210
1963576484
2074518692
419884201
2161765548
2631343287
2302774460
1275600062
2312111295
89134272
2038785220
2313252037
2134848709
2155478217
2117856461
2304718029
2777402579
2242145496
324740313
2153221339
2087742686
2171604195
2513087722
1998925035
2113271024
2469698803
420240630
1951833338
2146370811
2660984061
2203016445
2250824964
36891908
2157530374
2057815302
2003993865
227075345
2148799760
2148869393
295353625
246459679
2470532385
2139352357
2135387429
2493801770
2297695531
2232397101
2241580342
2064145723
1486472506
2119718211
2620466500
2293136709
2161925446
2157114695
66784584
2134183241
2164919627
2308824398
2974041422
1982381393
2421538130
429071702
47367511
1819774294
2289364316
1893139805
2422838623
2974686559
2948009313
711546218
2308154732
2684339570
2081863030
2105800058
2283468155
1995894141
2619659646
2121090432
2120476038
1218753930
2688914827
2044108172
2160549261
2280129935
2295197072
2988150154
2492413330
2541985168
2019534230
2166320536
2098998691
1985185189
2720325030
2275055016
2101101993
2149412265
2151501227
2108671403
1231469998
74094003
2022497718
1617862073
2074457532
2974453196
2090313169
2893993426
23596499
2474261973
2335651288
120651226
2026354139
2277567962
2026859997
2661428704
2406262242
2683254240
2237142500
2131127782
2007031271
2023685608
2112574952
2306661867
2124023276
1980155375
2660277749
2233513462
2609118711
2237101560
1234920953
2094104063
2144050692
2140435975
2048787978
2114110987
2634935824
2241592855
37905947
1566336541
2101505567
2162486817
2789326373
19144235
2692181550
2030679600
2109453873
2308107834
294129211
26885692
2136170053
2108343877
2109871689
1988519498
2159984203
2986872393
2572060242
2129296980
2122628705
727281249
2020189797
2125756013
2053699181
2307184239
2953289331
2118446708
2279990900
2222194299
2196043388
2429593215
2127836801
2065991302
2071363206
2040358543
2154776208
2132903572
1971885719
2196297367
2284723869
2950184610
2687362726
1482108584
190482092
2029350574
2104465073
2396092083
2013396660
2255242933
2103240375
1977790142
1997938366
2267633344
614907589
2114787015
2130144971
855633617
2595985111
2040665817
2143243998
2552717022
2254167782
2015702761
2233057002
2494492398
2160518897
2440673022
2112794371
2122913543
2111762186
1973589771
2169349903
2291789584
2923120402
346504980
2294996757
2330097435
169717533
2124351263
2101253922
2083231526
2128482087
2122755880
2149590827
1584891692
2045095730
2805948211
2567849784
2139498303
2063601474
2895689540
2162145093
2167781189
2437173065
2235094860
2105257805
2305351501
2147729234
2129291095
2777526105
278177626
2180706138
2232530778
277933919
2974750561
2618562402
2283960162
1944944487
2707457899
2676879213
2062853997
1889898352
2041347960
2155775864
2463184762
137426811
2112219004
195157884
1577021311
2923026303
2146928518
361301894
2705680265
2531266442
2147215243
427806604
2128775051
2974302087
2617212816
2075578257
2058669971
2059999125
2112843669
2138105752
76679065
30238620
2721572768
2142246817
2123147170
1569959842
2570280870
1171453863
2144454568
2695647148
1259581358
2951247796
2124343226
213569470
2144997312
2778402758
2294007757
2154627022
2611836877
2121990100
2717677528
2584235992
2302984154
2020788188
639666141
2169524188
2111350751
2078633956
2102908900
1949677541
1971687401
2134620140
2809896940
2171539438
2195048431
1935704050
1790261238
2313275384
2142081019
2991101949
