twoHopID
2278522888
1966604299
69206028
123011085
2974482448
2314305553
2039349267
2640969750
2501050391
2417229859
2441838630
2145353776
2803990579
2974449725
2600894527
2629337152
2150137935
2618916948
2130378856
2591228027
2127954048
1980629120
98795649
2688483459
2973466753
2154102932
1851097240
2131755178
241205434
677445823
2419687616
2008088787
2098430168
1736923
317587685
2973794536
2140242153
2277802218
2151678189
2086928653
2611085587
2119074075
2104033565
2111996189
2173763871
2038038819
2270560552
1729528123
2304311618
2113274185
2226159948
2308702544
1242956126
2794062175
189628767
2254438771
2067038581
694944117
1999208839
69337491
2144502171
2223833501
2065990071
45679041
2127299039
599720421
2140307947
2791342574
26051059
2103312884
2114421234
2893644279
2222850559
2589753862
2309816848
2073199121
2298118675
2066448916
2133983782
669155883
407339565
209682990
2283504173
2949218866
2130379315
2015134264
2988868160
2041479746
2137326150
1920008803
2161443431
2103902824
2979037799
2210890350
151257739
2660696726
2148893339
2200502946
2713289384
2658796208
2307621552
2759656120
2680324798
2128315080
2103149261
2261877457
1978860252
2945712862
2171110116
2195653352
2170618609
80478970
2164491012
2224030469
2582020879
328532754
2952266515
242385703
2000552746
2974057268
2077131583
2113635140
2123596622
2531427152
2130969438
2307851116
2761130863
2953085822
1170375562
2952135564
2101216164
2164032428
2744320943
2954855345
2306835384
1253901257
2225963988
2264204246
2082178009
2111636446
2578318310
2167342058
2824405999
2279539718
2553512968
1989182473
2110718987
2966750228
2113143839
2494956587
2129691706
2093253698
2125104194
2168849478
1252131916
2139030624
2677343334
2808775791
1637647484
231801982
2091091074
1247052936
2148074633
2244576395
279282832
2952463506
2280522899
2136999060
2106819741
2475820207
2072380591
2164491459
2952660167
2022442184
2399274183
308905183
2722890981
2538669286
2710668526
2277278962
2777220343
2138965241
2099676419
2111997207
2344617256
2963637552
2232911153
2155775282
2968749372
1999537476
2128381254
1948288327
2142274900
2703623524
2501543272
2142668140
2101314941
322372990
2101970311
2557379995
2397898147
2778039722
2081523121
2946106811
364611007
2766210505
2098496972
2042299866
2154694118
2582513130
1228047854
2653324786
2575435260
2158822908
271189508
1257047566
2686879248
2973533716
2106230293
2707785239
2220525081
2106459678
2250245671
2017920553
2023392809
2168391217
2592015933
2667513411
2475460164
1683457605
2761033299
2306344535
2195981914
2668529243
2062780001
2102527587
2104723044
2099545700
2936112739
2142799468
2106295919
2428339827
2069530236
2047673997
343541395
2575599254
2159085208
2060060319
2110981794
2105214629
2106590888
1234273965
2227930798
2126022316
2808350384
2166621873
2104297138
2137032384
2156988097
2525660876
1949796049
2477754072
2190280414
2038466276
175998693
2133100265
1980434160
2153285360
167708414
2158659333
54036230
2680850189
334006030
1204061966
2123040528
2640906000
2315290392
2723841835
2136114991
2598733625
2644412219
2117666619
2119042880
2172094290
2584676178
1271007067
2101118822
2711619436
2683209579
223610748
2118453122
2506557315
302811013
1943635846
1255868303
2207516560
2721679249
262768531
2988574614
1986201499
1998260123
2115471263
2524776374
2654832567
2525235132
2659747775
2098333637
2123433928
2056882125
2672854996
2669283286
2068449239
2780628958
2088503268
2011629544
2011432940
2230192110
2119141359
2559346676
2974058489
2116880389
2155186186
304318475
2304116753
2134411285
2088536091
2087421987
2636613672
2162034732
2158823475
2302642239
30705740
2029160532
2185037911
2983757925
2421852268
2113079414
2131069052
2478311549
2169571456
2163607690
2127169682
2222590104
2421131417
2082048153
2105706655
1977092268
661031089
2677278900
889915573
1212778678
2301757640
2237139152
617941202
331188436
2111572205
2120517869
2429323504
2158463219
2574452980
156043509
2105444602
2559183103
2098563329
2900035843
2752186633
2305394960
2832173332
1348012321
2115602724
309463339
1965721900
2303068467
2633435446
2297071937
1742342465
2581072195
2126678344
2041678152
2790558027
1981581654
280987991
2338064727
2068253019
2129201503
2120255844
2145028457
2155448687
2106722673
1985448312
2636974457
2510096769
224790940
1941703068
2085554590
2063698338
2974386613
2798979514
2248935867
2129693131
1975552468
2119731668
2949581276
1508215267
2559412708
104335868
2089290244
2169342471
2424506891
2148043277
2147486235
2152139318
2478475868
84871774
2059569764
2036697709
1985120884
2021558904
2162035339
2798783131
2778237602
2135689897
2100529836
2798553774
2123074227
266439348
1569426100
2121796275
2935818939
2974747329
2721614549
2081688284
1626180325
149654256
2227866358
2121272056
2309229305
2143062779
2466974470
2965703436
2148633357
2324400913
2141883166
2136640296
2643102504
281512770
1956481859
2155154247
2974780234
2484964171
2923301708
1998523212
2153876304
2113112913
2144406363
2123369308
2530937698
1990986594
2855996263
2135853928
1917258602
2155416430
5802863
2063764338
2145586035
2105445235
2046954364
48761726
1979911044
2052033419
2050591641
2622032800
1419676578
2159283106
2952629181
1207241664
2262305730
2574388167
2689534929
2606697427
1999408086
2664008663
2617281497
2299497436
1967426525
2535066606
2778467312
2121468918
2153024502
2228849657
2126285818
2663877640
2135854099
254217237
1237683228
2110753830
2600766506
368708655
384699443
1964805173
26414154
2148437070
2714635346
2697038931
2793475168
2034568305
2643364982
333450375
2921434267
2304609443
2155908260
2160495780
2534345901
2438073521
2678230201
1907133625
2284620989
2718993596
2071366846
2608532673
1974373583
2653883616
2974289123
2240875750
2117700858
93654309
1985613105
263490873
2491878727
1991052618
2143554888
2225507656
2617871696
2135854421
2095844698
2983955810
2974485861
2495352179
2118225269
2693959031
696126840
2015235453
2011958661
2158071189
2500201877
734760348
2170686878
2635664803
1482100132
1982074279
2171342248
2500595115
2067729839
2279345594
2014907840
2169245120
331124168
2788888016
2357300689
2720992726
2063404503
323816932
2098925033
2284490218
148409839
1997770228
2149158390
235507199
2168688135
164531748
2168196649
2794360368
2478771763
2143817268
2104102455
707694137
2103479867
1949044288
2041646671
2480180817
2113015380
2400751190
1825443427
2157088362
2396589678
2261782128
1669435002
2636910210
2974453380
2298678931
1996328611
2529398442
1932267184
2099580592
2779319997
2974060233
2973929165
2125762281
2693435118
2132643571
21958388
2289110775
2161446661
2058784526
1983713044
2305036053
2515111703
2514095899
2692648732
1982009142
1640337207
2121666374
7409492
2233208666
2024443744
2147389281
2630618982
2016710505
2650378090
2399768431
2132348783
2144636783
2576060276
2130120576
1969688450
2180681621
2313064347
2199883685
2435452841
329093041
2250706874
2166984636
2140344258
2084704213
2311065558
2582319063
1978765275
1976274916
2494599147
2081132536
2113146876
2156204035
2233274378
2513965067
2671611924
2144309274
1771147292
1964871710
1906577451
2162036782
2163150924
2039320653
2161741908
2041942109
2035978339
106893412
2692059240
2130055274
280727668
2714636407
2983989371
702845052
65966214
2653491334
1991938188
2122911901
2029719710
248844459
261918892
2223837379
269029576
2567344329
2113736906
2148077773
2022609102
2517569751
2167083225
2022183134
2656145648
1680445695
2084442375
1937838343
1189187856
2193527059
2101678364
2099319083
2997031211
119050547
2213515591
2107216203
2974388562
2724598099
2484670811
2283213147
2132644201
1097896306
2159186294
2296123770
2142703998
2059506051
2317881731
2145718669
2536313231
2694123922
2167804309
2103349674
2138902956
2207125945
1849627065
2035651002
2518061506
2071433666
1878102472
625447375
2463797711
139661778
2076873176
2477953497
2974585309
2687603169
2121470435
2020807148
300454386
2251133430
2953220607
210997763
2578616839
2052788744
2901283336
2136773132
2130285077
2140607002
2291503645
2246119969
2619281956
2665648681
2076086827
2683146809
2924778048
2116883008
284693059
2950074948
369332800
330961483
2209419854
604115534
146707026
2048365142
1681855065
2952860251
2515440219
214209117
2973831798
2051084922
2232128124
2781057661
2146407039
2137690760
2183926409
2974454414
2667090581
1017877144
1900516000
2163053218
2762379949
2304742061
2251920059
2095616704
2279936706
2580943561
2518520521
1899107019
1275171532
2149880524
712643283
2579600093
1207309027
2100105964
403149551
2806584054
672764664
130847482
2042630910
737579779
1989808900
2607518467
2252608274
2231046930
676500258
2145948455
1910084399
1998656315
2075956027
2564592449
2125173574
2113147729
1855689567
2022052714
2165543795
2139394932
249336693
2343834513
2396394396
2565804957
47453084
2154992545
2126025634
1975391153
2342491064
2978223043
2531988439
2120127457
2112689123
1988203512
2645431289
2277774330
2476872699
1250333697
2306774017
2200966147
2632717334
2081625111
2229507117
2639696950
2157876279
700453945
2148111420
2952369212
1664226367
2232030291
2442466387
2021725281
1998722161
2122978417
2768835697
2086179956
2160628853
2962986105
2805404794
2963903615
2090833033
2057376907
2123469985
2143098023
2123306169
2469434555
2168558781
2110624968
2974815437
2310771933
2118718690
5280995
1980208355
2274530537
415634668
2974455025
2990281975
1966937354
2116228365
1842681110
2932643098
2096993570
2036471081
2008225074
2558072121
2122159418
2198148421
1970017610
1997182283
2109576539
2668041568
2583270755
2694190440
2116883817
1971164523
2109511027
2110068084
710514036
2852459902
2629408135
1941378440
2130515345
2520126872
2106103193
2088899996
2708575652
1882723750
2139067819
2163807661
2609124786
1268258233
2050397630
2134119880
2109937098
144283085
1973851597
2974389720
2061604316
72226276
2153747942
2571572717
2173212142
1977947637
2116851191
2303268344
2235766267
2129204732
2782959108
261232133
2578028039
198088227
2397378085
2805765678
2224264753
2129499701
2591528501
34969143
1268323896
172267070
2683508300
2601850449
2332202581
2053543515
2151781982
288429664
2655032929
2943555168
2087229034
308745853
2523862659
2528679556
2199033490
2127992466
2630358676
2106496660
2310608531
2973963935
2134087340
2146703035
2213385919
2670466757
2086508233
2148013773
2488932058
2158139102
2304055009
1953568485
2162595559
2146572019
2077038334
2168198915
2112231172
2690717444
2108430088
2237208332
206083856
2983991063
2973636378
2105120542
243242787
1997051684
2182846247
2974619446
165615417
2144311098
2100205382
2617087816
2122192721
2908002135
2132252503
319133530
2118293339
2475464555
2145195892
1975687050
2561611673
2607355810
2023626662
2785515432
2974652330
2141525936
2342950840
1997936570
2344032187
2121111504
2121734105
2153453532
2245367774
2323322863
2045351932
2130286596
2152110089
2902235149
2637928463
2245695508
1780127770
2973603867
2004555804
2229770271
338335784
2153027628
2396493870
2289375279
2399115313
1354405940
2171934779
2974750795
2527467599
2121963599
2099943509
2551748693
2508068956
2659194980
2096633958
2061080690
2148014207
2951420033
2106497157
2657294478
2098403471
213850259
2146670742
2110658715
2135595165
2973538462
2104203427
2102794411
1497700530
2069469363
1993513151
2229704895
2974718152
1933646026
1975392465
303798483
2136611029
2107119837
52861153
2561218786
2340460784
2151356658
2278070524
2974161174
2004556077
2632423725
2136348997
2121537871
2279020891
1978538331
2298812770
2974816618
1758665079
2141133181
2780240256
2164758915
2217777545
1804802447
2145589658
2955418028
305961432
2104629724
2234161630
2110167520
2033195501
2605062653
2197789195
55450124
2099223055
2223086097
2147195411
2172459540
2666764821
2110921275
2142444093
2303236675
2589399641
2419726939
2148637276
2131401310
1013389924
397384292
2147752552
2104302185
2149292659
2105219700
2029460102
2584189575
2111773322
2201295499
2404063883
263920267
2025953933
2002360971
2170952340
2143328931
671619759
2626362034
2496240311
2044959418
2156272323
66820806
2060229330
2516884180
2119211746
2124749556
2109217526
2291342075
2120751869
2152766206
2122783502
2309921559
2138282786
2154666791
2618366759
2276105013
2273778504
25959246
1961433944
2009930585
2779355993
182819678
158112612
2114067303
329259883
2675350379
1889672050
2305760116
2056100724
201268087
2024741760
2139462542
2064161688
1980865432
2114657178
2620169115
2169445280
2708970402
2217286565
325917607
2706217897
2310839222
2103909312
2179832770
2107775957
2166135770
2560170973
2046532574
312875999
1990007775
2099977186
2225413098
2408455160
2033425406
2530712575
2655624192
2191563777
2048793609
2164235286
146512921
2246876191
2674793517
2654411824
2293931065
2540903488
2109971521
10624067
2471042124
2510920785
42605653
2778995829
2603818104
1827019898
1985715322
2903514244
2129861776
1555209364
1267440791
2098535585
2158271650
2974915749
2312150186
2089458872
2268994745
2074385597
80354510
1956093140
2305367263
2666470628
2267946212
2068978918
2507906283
2421071093
2306579703
2098142459
2109807870
2110725377
2420350212
2110397711
2124061967
2313952551
2987629864
2660474188
2660769101
2232130905
962403673
264936795
2107317598
2112626028
2133433708
1994825076
2146671991
2985631097
2681904511
103816591
2634292623
2157485457
2096602535
2088476081
2421562808
2309201337
1984077254
2308480454
2602900935
2273058256
2988285397
2150931929
2111348188
2011078109
1241882082
664411623
2102435307
36478446
1980177916
2494733823
2144738817
2050432516
2507644426
2241764882
1964449318
2129862190
288136762
2736070207
2169052748
2162499173
2306678385
2986876532
2551029369
2428706429
2974293645
208346766
2127240864
2974916311
2138480347
1975721694
2132713189
2352684774
51912432
595631857
1912643339
2228559627
2099977998
527507227
2111577884
2778963749
2132713273
2649595705
2985500510
2122227550
1982603120
2154700657
2110726008
331751290
1246142335
2143133572
2974359438
1956814754
233906090
2013306805
2460557239
2131173303
2158829505
2137890755
2135269339
2169970652
2245566436
2155585519
2381357040
2223546357
2113937400
2099519488
2075631622
2287804436
2795184153
2163941406
2235801643
2761236532
2892406836
2146902073
2082709563
2791022658
1997971539
82780263
2105679988
528588921
2160763005
685940862
2620465283
205627528
2141134984
2171150486
2057969817
2306187420
2516426914
2973245606
2263326892
2114199729
2150801585
2099355840
2121277634
2161647827
2778964202
2160206059
2008850676
2159223030
2149916918
2160926970
2027331839
2169544959
2257068296
2162499853
2133827856
1714430232
2223808799
2103484709
2293768495
2951651645
2111611200
2789122370
1760698694
2628788562
2923831635
1816273243
2100273499
2461278560
227123556
620732773
2308055398
2111250791
2151817577
2109186410
1983586666
71704941
2008064365
2395054460
2222236030
222863769
2776244655
56271286
169157075
2114986451
2110661105
2155815415
2008719867
2140250622
2550407678
2099552766
2145591816
2140873248
328049186
2124292663
2107777598
2031395390
2811077188
2143724125
1968841317
2436407916
8200839
1992532619
799351439
2115052180
2461278870
218538652
201106088
2114921128
2946933420
385557172
2336498357
729227961
2052399801
2110137027
2081858256
2614207193
2307564251
2115609315
2107089640
2278892267
2145100532
2698781442
2169053976
2158666522
121774882
2004788006
74064682
2163811114
2787287859
2121442106
2974655292
2778735425
2185896769
2118165313
2241766213
2084414290
1624679253
2088543067
2135728993
2952799074
2505089899
1978934132
2303533963
1984832408
2146149273
223978397
2950407073
2619220905
2471044010
2122752940
2138907572
2115609526
2985173947
2974753729
2153685963
1759486939
2132190180
288236523
169354219
2551260141
2164794350
2635736054
323986432
2581701633
2923602960
2122654740
2122163220
2572985380
2229838895
2040079410
1407886401
2038277194
2114954316
2052072531
2130912344
2127733850
2165515355
2504598621
2116559974
2232198255
2652185717
2763105402
2571215995
2144445569
2121573507
2131141763
2430542984
2469209240
1910121638
2139169959
1988895913
2174985400
2024776896
2637374660
2491753677
1556915405
2131797205
2917967063
2326078687
56272107
2320377070
2044830962
2223056129
2886673674
2223187212
1983161627
254158114
2293540143
2305697090
2074682692
2509907281
2273650006
2032084310
2985829720
2167711074
2141857133
2115282285
2120787314
2520556917
2265490809
1963828602
1907074439
2891752846
2554963368
1987618216
2317002155
2122065326
1975068078
2601297331
2229282237
2101159364
652322257
317105621
2118067685
2108171752
2646189545
2694784508
2143528446
2089166335
2165712392
2104272393
2114627092
2639603223
99853849
123545119
2231903783
2746197547
2620401196
2463082029
2031560243
2010097212
2149492284
2136778302
2123540040
130524756
2987599445
326608481
2131699301
2492212851
2787649139
2692753029
1961305742
2130749071
2152441490
2096801427
1254631063
2027890328
1963206313
2130552493
2988811953
2125440707
201828038
2670077639
2561943241
2125768396
2346100428
1626318543
2134353621
2941953768
2668570350
2159093489
2741675766
2149164795
2164369148
2611488513
2760976131
1993778958
2033624847
2720311057
1998890773
2982782745
2121410338
2231871268
2232362789
2487232300
2102798150
2135697225
2053515084
27928403
2599003990
2430805847
2075076451
2273814394
1894000518
2649499539
11773849
2673715107
2301863843
2131797933
2159716272
2114332599
2144380857
2009475013
2143233993
2799052747
2169546703
2039457743
2509613010
2310580181
2073339866
2570266588
2096408543
2181539808
2003937250
2167777250
40577012
2687117309
2044536833
2251040796
2116790301
2112563238
2101782583
2893888
2157979715
2893260872
2421074002
2778114135
2283153510
2249271401
2493130858
2017241201
2271586418
2440702073
2919737489
2143987859
2011146398
2526488736
2009573538
1436821675
2026907820
2105485507
1966975174
2488608969
2620041422
2101389519
2670471382
2124982504
2122590441
2058496234
2575902959
2837522671
2309957879
2151983352
2487429372
1963993346
2226170118
2323982598
503032072
2060626187
2064165135
2985797906
2918918443
2288920882
1983981876
2197039416
2170267962
2311530826
2310023498
2171087181
2293049679
2123376977
1991485778
2225383768
2435590490
2006722907
2918394205
2007837031
2811275626
2018978161
1937779059
2164566402
2159651208
2922490249
1127754134
1910057381
2107451820
2083596722
2518952371
2552342964
2090150330
2108729788
2241735102
1075030466
1995712963
201992647
2135304654
2616732115
2116364758
975546847
2529438177
2950375907
2804656611
2199071208
2045979122
2089757171
2228726280
2692753929
1903569422
2121935375
2487101968
2080123422
2615159336
2643700271
2894080563
2044013107
2974263873
2669062722
2403412554
2127243855
2148739677
2884643430
1993255528
2667227756
171944570
2973805177
2974395007
2498341504
2684758656
182233741
2240948906
2138319532
22358707
677882550
2135796408
2122033853
1470835395
2278075077
2055383753
2098834125
2102471381
2113612506
2141792988
2292919005
2790042352
2025237250
2129734402
2112924421
2711366406
2182064902
730606345
2109549325
1973824276
2901977879
2149886747
2550377245
2161584926
2116168479
2313693992
2952080177
2140220214
2720967489
325462850
2017143638
1214819165
2682530656
175778675
2148313978
2153950076
2282990463
2303011717
2674731915
2021370764
2149657484
1985293198
2130881427
1395829656
279849886
111192993
2560175014
2141268906
1993190316
2136255416
2651564987
2167811012
2154376132
2108337099
2240424914
702655443
2112859095
252455904
2194385920
2177412103
247147528
2423237650
2311990296
2123967522
2036214821
1967926312
2691247152
2100669492
2075012164
130559045
2293247044
1971334216
2250779728
1060940885
388475989
2168564834
2015276132
2116103272
2199399537
2490575996
2294426764
2589568143
2215881882
2136419483
2046831784
2102832296
2465082546
2488839347
2400529588
815541428
2098080957
2333879492
2232069316
2232331472
2108566742
213069015
2558602459
2119150818
2461707492
2129865978
2664574203
350694664
255601933
2030906650
2073111854
2230037816
2698554682
2013932858
2158341472
2780179809
2125999461
1276325224
2598808947
2141334907
2568203644
2610343297
2963090821
60501382
2803576199
2147134859
2119413149
2896342440
2065477042
2010099130
2145168834
2304093636
2678336968
2182393291
2655530446
1587555797
2110991831
361901528
2292297204
2169056761
41266686
2088939020
2921016846
2641440273
2132291093
2420420119
2164895271
2105191977
2077699628
2713628211
2160635449
1965862471
1266265685
2108796501
2099949143
1899245157
2169253487
228437624
2503454328
2128227970
2989272721
2069638805
709045910
2777296535
2712153754
2121969309
2297015968
290762400
214085282
2161618601
200552105
2474421938
163950260
2283646652
2410688197
2317266630
2098769611
2150149853
2308878053
2142809833
2788634346
2141302510
2977738486
1784852229
2297343753
161001229
2646421264
1975889682
2142744349
2106076969
2786897728
2716282690
2638917445
2653695816
2155786059
2175709007
235745104
2072751956
2134355800
2150903647
2776117094
2550050663
2119905129
2179444589
2112728945
2823991155
2069442428
2100834174
2895589253
2346102663
2083762068
2506928029
2165976994
2723917734
149106609
2052599737
2141958080
2166632393
2080092110
2164731869
1833086944
2166435812
128823279
294596595
2657562615
2627612665
2153820154
1563078655
2131898379
2240229391
2430644241
2985439251
2201759764
2952048664
2158768164
2495361062
177975338
2785849389
2634395717
73543750
2797056074
1579823183
1965174876
2139566173
2026582109
2053091431
2304946299
2983407746
2162405507
2109583511
2479567005
2133897374
2713890977
327757988
243151026
4960438
2024321210
2630889659
727003330
2312122568
1976021201
2669490387
2054435036
2063216861
2108829916
298332384
1986146529
125612257
1885319393
2401284346
2396008703
2130161922
2138321170
2023141650
2585637138
1989325080
2070524187
2656645417
2134257962
2742595901
2144743746
2046505287
180629841
163000670
2288333164
2170630515
2715922809
594784636
2973675902
157790613
1999548822
2309566874
2170335644
2092839326
2124263846
2149396904
76067242
2721427888
2463445447
2253369799
2408559053
2723819995
112407019
2983408107
2184557043
1791767032
2572890623
2130555399
2109420064
2158342695
2084418087
2899685935
2271359545
2466853433
2165617212
2767893057
2014229073
2109223507
204190299
2366321243
2940547699
2129080951
2781098625
2277356167
2627646089
2974724746
281195144
2505880206
2279191198
201208484
2101588655
2171482800
2973282992
2128753331
2310091469
2140287697
2670015194
2788438749
2058859245
2058007282
2305733382
686600968
2025632544
2787390245
24490792
211497782
96416573
2675323718
159232853
43234139
2662904667
2633249629
2308649827
106771303
2041492333
2100802414
2629251954
2435789685
2404594549
341128081
2560045977
2949755806
1989030822
2369106863
2398204852
2628891577
2503029702
2463740870
1982116827
2571056092
2499064801
1555215330
2220962793
2943824873
2307470325
357118968
2223715321
1988080645
2141828104
816886801
2680042513
1966715931
2259301404
1974776862
2995237917
2606347299
2527245350
332870695
2711729192
85537834
2584884269
665564214
2787521602
2108503109
2108765264
2685318227
1983427674
214578267
2077766773
2137011320
2652288136
2483401866
2224927885
2029630618
1492989083
712488100
2648454322
2093954229
2004071612
325530817
112407748
2135897287
2064233671
1957016794
852112603
2642523356
80065764
2593862885
1993946344
2631644393
2510501098
10237168
2035070196
738735356
2622502144
2144220419
2032383236
2126001412
2151167238
2142876936
1812706568
2973873429
2004792601
1266496794
2306094366
387298597
2778445098
2084091181
2090677550
1079981359
2666116403
2132849971
2423043386
2156901690
2973545800
2019734858
2121348433
698135892
1906554206
2227713379
2164045156
271037799
245380465
2152215929
2950706554
2401056121
2951230844
2401416582
2174236038
2165290379
2973906317
2567845272
2973873570
2135569827
297547182
2132686256
2118563253
1917629880
2170828218
2215818685
2974791109
84227554
2342860276
2556835333
308033030
337131034
2061612579
2162898475
681817647
2433660469
2424354363
2235020880
2117678684
2108536415
2511156834
1858745958
2405611111
2923902570
2157721208
1980839545
2660349576
2300098184
2149037714
1857795731
1977431702
2898900647
2113713845
2150184638
2669590207
2951722709
2130294491
2974922463
1238644447
2295281377
2139698924
2096019187
2523150071
2108077827
2734405382
2404103958
2113976098
2973841209
1507342141
2984752965
2140485448
2116597581
2799122255
1044068175
2715858772
2038216534
2012690264
2895820634
2019178331
2778347356
2491627362
1198110563
2680502117
2024290158
2101426036
2879731573
251803516
2111387516
2895132542
2973972349
2343319424
2113058690
94353296
582301594
212842401
2121807780
88061861
2169747367
2132719531
2151987123
2484844468
1202501558
2798434235
2109388736
2973415360
2022488008
2274998234
2283780060
228276202
2765338609
2659596279
2598385656
255178747
2119055367
200226829
2128263182
682309660
2315860000
2310387756
97826864
2477602866
2696263741
2311862338
246462544
2659465307
2124560479
2167617634
2155034726
2138159208
2424453222
2303801452
2170239093
2642655359
2973874303
2274965631
2342762626
75217033
2156443786
2619914390
2715826332
373242015
2161719457
1992898726
663107753
2089334958
2002696396
6928589
2159360206
2147891414
2121971940
602257659
2741844230
2296166673
2112796956
2139371818
266418477
331430189
2572269869
2148743472
2145171760
90224947
2154871099
2015148357
2086713675
2611951960
2049980774
2097101166
2558671215
2614376820
2066954630
2973415820
2136291733
2105555354
2283452834
2527738285
1840429485
2303146421
112114108
2157853132
350566861
2695805403
2974693854
1999354336
2099263982
690502127
2345056753
2298886649
2193013244
2107816444
2133801473
1597159941
2545760775
2155788834
2194127404
2152086064
2162899512
1923430970
2189638204
2371140162
2228927042
2232629843
1973369431
2544024155
2258975328
2984589935
2095626876
2154379914
2168994444
2131475088
2991602326
2981509785
2109684384
2141469345
2130557602
2198452902
2140912314
2099002044
2404956865
2349218496
223328963
2118924995
2144254662
719796951
2042149618
2043689715
2697968386
2133637891
187710220
2170174233
613661480
1981070124
2058959667
2973416246
2523020093
2307537727
669301571
2713238340
2334505799
2311732044
2304818010
2982722397
2764520291
2113715046
2152020840
2155527021
199965553
2240166792
211696525
2004728722
2240527251
2110012343
2342468535
2048015299
2089499597
1984838606
2146188245
2107390936
2097757151
2616900583
2464758758
2525248495
1209908214
2256485367
2093235199
2754722827
2260843531
2282175501
2400730127
2310192144
1971993620
2796502037
2631810074
2569419808
358104111
1996438577
287063092
1863400505
265468987
2103196756
2290105440
300727394
2100444261
394837107
2163981432
2114272386
1988279427
2753477771
114048148
2228436124
2410069149
2275130525
2153069728
2142682301
2089467074
1506753735
2199665864
1992899786
2171550932
2467740887
2892643554
1534639335
329891055
2161065209
2397879553
2497199368
1075592465
2132851987
2575547700
2716351801
2212412733
2512010566
2569059658
2497461607
2237185388
2054012287
2308947350
2293677468
2169585063
2798501289
2503851434
2102738357
712752568
2343648697
2566110664
2483469773
2111847886
2106342868
2948677083
2206023137
2092023269
2439953893
2164604393
2123906542
2711207413
335134206
2136817152
2668805640
2257632777
2227551754
433405450
2097692172
2572041743
2143632913
2950675985
1729248790
1518321175
2013511199
2308881956
2311274023
2163228201
2230566450
2127478336
2240069190
259243600
2189475408
2122497617
1985363556
2346663525
2338340454
2193440369
2096217721
2096774778
2157264513
2921021061
2270871176
2061745803
2974006925
2612706959
2132655759
2113322642
2189999777
357187245
2226667187
2092908241
2572304083
2039627482
2136293085
2191834854
325041896
1979530987
2056797953
1979956996
2060238600
274579217
2952183575
1976024860
2331393823
2154938147
729038630
2112667434
1992671022
2990358332
2164178758
305741644
2137603918
197246800
2234072921
2254782306
2146418533
2780905346
2214412175
2101034895
2087665558
2027929495
2522693533
2076164004
694173608
2113585066
2866528175
2667560884
2342535093
2155823030
2131967930
2147631045
1366048720
2341486545
1997717467
2111553501
2131476448
678608869
2133606375
2321694697
2100903914
139673579
2110242800
2897821684
1998766078
2624241677
2685517844
2083274779
2087174174
2305507359
2144256032
1211809838
2673360942
2923479089
2112241722
2885173310
2239053892
2037596230
2966372428
2107785303
125943900
2107818077
2131542109
184107109
2171486311
2228207723
2762653817
2226929795
2582462605
2235154573
2010235023
2106343576
2228928683
1656275121
14237877
2084028601
2947072186
240959683
2222801101
2701738195
2298855637
2015641818
354042078
2142388449
2275688673
2609791208
2251505898
1253982445
2054832371
2764226806
2132492541
2136686850
2058699012
14172422
2165457161
2962768143
2108473615
2402861341
2115813666
245481763
2223948068
178569519
2780479793
2095661365
2159198527
2098282815
2854535502
2942222674
2121613656
2032714081
66175330
2599633272
2976006535
239255947
37798284
1983365520
2156020123
2251440543
2314125729
2149269922
1935688100
2108178857
2142585269
2107392441
2127774145
199442883
323797451
2677916113
2303148500
1982054868
2955690461
2134786535
2140029416
322421229
2200060405
1817788928
2009612802
251052554
2704818701
1543553562
1974649371
2143601184
2900083240
1605354034
2497331772
2157855298
2619392593
38945362
1047741012
2115355226
2122728030
2069447263
2100413024
2064532066
2788999785
2768028295
839107213
2225488531
2318418594
2098283194
2044904124
2055881405
278086340
2145141459
2701869786
2600714973
1867301602
2054111979
2119156468
322945782
1755464439
2002567938
2305245964
157696784
2108834582
2508931863
2223063837
2254881567
2167849778
221201208
2145174332
2134885186
2044314436
2321924941
2293580633
2223358819
2181284719
33342358
2110899100
408765343
1634288560
2134688688
99369920
2115978197
2156970971
2032255980
2053391344
2003780605
2121253890
2118632452
2951693324
2171257868
2665038862
2526856211
2109195299
2614182948
2282472491
2284635186
1926448179
2171028533
2653766716
2433762371
1660601417
135218249
1965507668
2165228636
1989985383
2670478448
2125579386
2586756223
2227717263
2341848212
84559000
2303542436
2340865191
609731752
2148353208
2126365895
2306655439
2291713245
2103657699
2058142950
2763998444
2599175405
2808104175
280675568
2629092593
2033403132
2137441535
2067252482
2947728646
2761377031
2295186703
2705442069
2408891669
72467736
264258840
2097628444
2401125675
2101069102
100648250
2014790973
2681980223
1718207820
2289517902
2811184465
2778285395
45925725
2237089124
2964211060
1972946293
2171028857
2811479418
2243184002
2326873480
2617951647
2222704035
2170865064
2161362353
2472035779
1683310023
2311538125
2952971743
2681587173
2798732794
2132526593
2677065221
2303804952
2309277217
2041988644
2099398193
2257274423
2152875577
261932608
2779072065
2974697033
2153367123
2513684051
2482226774
505529943
2644493910
2949367398
340903526
2308130408
2583217775
54675057
2045396595
182699647
2294662792
2119059084
2627290768
2951104145
2135246482
2643510933
2686305946
1245857447
2190722758
2223589066
2303608523
2125285108
2115815168
1989101323
2651080460
2100971276
2577745683
2590951195
2246690589
2512275237
2169620266
2056275757
118900537
2149631809
2051098434
734152518
2716452694
2153957209
2620180323
2008827756
2143405935
2131183473
2139015025
226969467
2079475585
2918107012
2112374662
2076329863
2482947988
2098710421
2299185049
2158512035
2796767155
2169227192
2167654338
2974140363
1591166926
2131904464
2790148045
2127546327
2617788377
2178992099
2045003753
2142750716
2295547900
1266173949
22890495
2645247999
2135705599
2102642693
2169882634
2135902235
1961281570
2667005994
422791229
2102511683
2123778117
2106673240
2983905372
2597570656
2057455714
1591658600
2174306409
2610448493
2562246766
2227554415
53561461
2605205626
2122959006
1560725665
2191935652
2657470629
2421278887
2674444461
2655799470
2101528751
2708785330
2092550336
2148452544
2188953803
2043529429
2110048473
2160609498
2915649765
2075117811
2639120638
2164902142
2068596995
2709637389
146262294
2289125662
2148223264
2122991904
2106083631
2462566703
2892876087
2122533181
2105657664
2305968471
2152614272
2010401166
2077739410
2282867093
2973256088
2049264031
208423340
2281359791
2111064511
2167982539
128698828
2854177242
1984874970
2155891168
2951334369
2582366689
2146159082
2167032303
2675821039
2013743603
2224933376
2170210826
2163853836
2119879193
2780121625
1989986845
2231454237
2720713267
2723891765
1857047125
2107853399
2163460710
158124650
2655930993
2115750516
2300201595
2890025597
2811251326
2103069312
2151205511
2887305866
2148092554
1968097951
1992641199
2777926320
2605370055
2569259727
2421312210
2607499990
2440252121
339462875
2021640924
2303970021
2074200806
2155137773
2171914995
2127842038
1936444166
2131610378
2798635796
2949499673
2133347098
2577615642
2440022828
2107820854
2974665529
2124499774
2344012608
2128956250
1964493667
2688109426
2558970741
2146061180
2137934724
709774215
2766293895
2631945097
2189577106
2158087061
306105238
2130824086
304794519
2610318245
1967999909
2718518189
2279197620
2195246016
2667957185
2779171779
2708163525
2285423557
2114210763
2974370769
2676673489
2096417752
2648689626
2252032993
256068580
2105723894
2250361850
226544634
1932217349
2112998414
328682536
2783693875
2295942198
2043726908
2919976002
2974731334
84560969
2950319179
145804375
2018593890
2583481453
2637024377
2922302588
2157726849
2106248330
2133150882
2696039587
59919527
2177289383
2660781242
2104511705
48057563
2008730852
2116242661
2641382631
2035043562
2038910195
1214041332
2769407223
2106084612
1760644356
2235845892
104647944
2919845149
2078395684
2974469419
2170801464
2127809852
2014104902
2136952135
2103528777
2141965643
2399817045
2921024853
2594426199
2002636130
2156088692
1121013121
2586299787
2322058638
2126826919
1976257963
2122370487
2578042296
136859070
696077761
2787691974
2050903499
2298170834
2277526995
2140556776
2134167023
2974240256
2688077322
2281328142
2652294670
2111557135
1601293841
2321829394
2170605079
2062601765
2124140070
15257127
2116308527
2245676595
121359932
164646474
2110410315
2642792013
2147372623
2305052248
2256096860
2141376093
2161233520
2086489726
2512801409
2134658695
2014236303
2423901841
2776911506
1629802131
2163330717
2974273206
148197049
1205259972
2092912331
1971703502
1505021651
45076179
2120306394
2074103515
2302856924
2568474333
2597965530
2105986784
2117127927
1375391496
233393929
2345815821
1956695822
2231881487
2107100953
2723467035
2499956508
2423770911
2103856929
2239188769
2767965986
2273759014
2254229294
2952220469
1570688823
2005454661
2121092935
2951958343
2637745998
2298466158
2047463283
2119225204
2806402936
2290175868
2142293885
1208143757
2973716378
2953334683
2117488556
392089535
2966015936
2131840961
9949123
2039238598
2596196297
2907852749
2762919904
2040090598
2151927782
2691649513
2201964521
2281721836
2109296623
2587021301
2251968507
2220675069
2074071061
2291748885
2124632089
2654556186
57495579
2307248159
2155302952
2311901225
62967857
2733068339
1264898111
2005585989
2952712262
2135576647
2156286033
2681065555
2160709719
2154123352
2128007263
1538052210
2182664309
1987694710
2629947512
2078920827
2684506237
2673987709
2665861250
2435338381
2626834575
2612777105
2973683864
2579320989
2087342244
92229816
2663272632
2148061370
2406011068
2161725626
2615169218
2004144340
2112671958
2138362074
2161397991
119492839
2951237883
2629423368
2605633800
2324386065
2693222674
2132136220
2310754593
2103595299
2974142757
1822413104
2136330545
2050675000
2591707449
2145702216
2158219613
2146062694
2324091253
1215713658
270422400
2695385476
2148258182
2028982665
2147078542
2099007890
2423476627
2645578132
2102317462
2114605465
2227360153
2135675298
2132300195
697684388
2163233190
2140098982
2139902380
2224574899
2464240055
2095894975
2648068544
2086130114
2595639753
2288374220
2252067276
2104512981
2596557273
259477981
2125451746
2809778671
570249712
2003882480
2684604914
2423804411
570872323
2974568965
2125353484
2116964878
2153665040
2576798224
2696172057
2144555548
6607388
2430390825
2178011691
100979248
201544241
96358963
2169492019
231428662
2161168953
2889372221
2250887749
2005815881
2150814284
1552142927
304304723
2151141971
2153140827
2303382110
2220708475
2160185988
2154189444
2477511303
2067780232
2722550425
2720715419
2973520543
2182042274
2425311911
2146947769
1481757371
2080133825
2218316482
71226051
2889831106
1918030535
2661339849
2120995532
1810387679
2099991264
2110051044
1974883054
2589872881
1984287476
2198655737
2164773626
2157466369
1923830530
2157269769
2500088585
2020135708
2487341856
2166641447
2117391144
2134725426
2486752065
1776636746
2016432970
2222871391
2160677743
2130367350
2167559044
2031211410
531878810
2347127741
2227196869
2141705163
2630931408
2145080274
2022888411
2117063646
2303644642
2223625194
1597330413
763941875
2159694835
2040419331
2680738822
1986352139
1990382619
2345161756
2241385502
2038092830
2310067237
2222380069
252564519
2282935335
218354731
2485146671
719639602
259249205
2136462391
175133752
2987775030
2128434240
316691536
2116211794
2167559254
2122437719
2512114774
2776814691
2222314596
2171098213
2487506027
1998574699
2785137772
716952683
1531171965
2111755404
2637747340
2040911003
2159432867
2331366575
280024244
2610353333
2089505985
2117588181
1999262945
2161005799
2332513518
2138526971
2086262013
2559661309
2948093187
2167330059
2154190106
2342901033
2145146158
1239405903
2101761371
2250790237
2101204317
2092914022
2108839273
2132792684
2135217518
2265437558
2685392247
2225624440
2496025986
2893075845
2108020103
2182731144
2309445006
2163955097
2129679772
2107430306
2169034151
2149832105
2103203241
2045990317
2225198524
2269304256
2020627909
2224379340
2227295694
2394510798
327341529
2719077852
2095699422
2100811238
1988154860
2144687597
179426798
2194200048
2631849462
2012960246
2495862267
2661111298
2154911241
729699849
2426131985
2016073234
2973718035
2102941205
2217924121
2148488735
2568214060
2125714999
264197688
2135709241
2892846651
2157893189
2172507730
2780386900
2795394648
2167133797
328488550
1963742825
2526074477
1467307631
2618611315
2945078899
2798245505
2607797892
2020136591
2394642088
2125911732
1980618430
2822461124
2127713994
2497730252
2285360861
2308003564
2139477745
2020955892
2284017405
2271303423
2987349759
2762495750
2687358731
2472728339
2136102681
2114934561
2954024741
55138088
2054248234
108123955
2556286791
2833536850
2677626719
2403194726
2306201449
651843436
2237814639
2091931506
2159171449
1817663362
2164938629
2136594311
1987172238
2279626640
2017679281
2135971769
2944587705
2278512575
315316159
2461030335
2574800851
2157271002
2276480989
2429081565
2046679008
2104514538
2135971826
2168313844
2096420853
2011846654
2162317311
2231261188
2159007752
2116704280
2009225244
2132760606
2100975649
300308524
2139772978
275961911
2008602680
2341623865
2051004478
2319177792
2148816974
2125846617
2715539561
1983273066
2138298475
221698158
2231457917
2641254531
1855805570
2490980483
2248497291
2305349780
2073483413
2147735703
2059294876
2532366493
2493143198
2885441699
173201585
2167888051
2001295541
120576184
2302892219
2974144701
2488031424
2115819712
2135775430
2167134412
2290866383
2304301277
2170444000
2063423718
2114017512
2689784040
2897565936
2744998128
2100451579
2133186814
2605668615
2623789330
2108447004
2691488045
2940098871
2162252092
39770428
2973325635
2950977861
2171689288
2155403595
437246287
2166020432
192141652
2321832285
2615662956
2235652468
2675726709
2630343035
2342836604
1966954877
1977571708
2031868288
2039208336
2157140392
2626443689
2973391285
2276776374
1806719435
2222086608
2130205158
2544294376
2270386666
2135874029
1935464958
2026265091
2518342151
2103269900
2974112271
2023512596
2225691158
2341034529
2787269159
2579520042
2105989683
2161039930
2121357885
167729739
1997986385
61889106
2616646230
2667403866
2161728091
2311117407
2251512417
2609830498
2182077026
2637617765
2663307880
2256853625
2988726910
2133908095
2117196417
2558253706
2169625230
2475645584
2139249297
2271304344
2227493529
2703710875
2296371872
1981274785
1950440097
2127092396
2776980143
2974374583
2115689153
1857575619
2074303175
2593774290
2117491417
2422299352
2985777888
2098223845
1728076517
2105268970
2107824883
2304334583
270949118
2050841350
2242206477
207510293
2974341911
2322848536
2113166105
1965972254
1845058341
2236701477
2114181931
2041338669
1447615282
2110544705
2128632650
2973915979
2060802895
2147670869
2088000343
2129779547
2305416036
114908009
2735070055
2504153967
56646515
2318064499
2068994940
2141313922
2951732107
1982749580
2157173648
2147146647
2045729693
2169363357
2115459999
2131614624
2120309671
2303941553
347069363
2144033718
25222087
2100386763
2665470926
2676939730
284285907
2987776982
41409495
2951797732
2709937129
2274417645
1922522095
1965317105
2213633022
2488359937
96492545
2192202758
2125782025
2205867020
2165005333
1923898398
2589482023
2776489000
2275925034
1986354237
2194398270
2112773189
2130828359
2091080775
2281200717
2131647568
345201748
2077973608
2776390799
2641976475
2810600611
2164710569
2169199797
2714098874
48553147
2139217087
285269188
2947833032
2425543885
2194463949
290938066
688151781
2208521465
2142985470
2072698116
1973607691
2228935949
2700172565
1140940059
2035506461
2132991267
1969282344
2039078189
2311019828
2056052032
2144132427
861003090
2779405655
2703842649
2132958556
2060279134
207445343
2649709936
2165267828
2146459001
2275663228
2304040317
3007438204
2344770952
1964367244
1965088163
2149572011
2126011840
2100977092
2776882633
2011487694
2021154258
2092391892
2706791897
2226576873
41704956
2065587709
2051464714
676879890
941590
2617630235
1645665820
2042584619
2671664687
2609438259
2494357043
2014469688
2638241340
2326945342
2147114560
295984705
2513428035
2974506563
2250268227
2695618120
2137087563
2055331408
1856233051
2910084711
2314788464
2890063487
54648453
2237324942
2921979535
1971609238
2138791587
2286411455
1968561864
2572443342
1952177885
2060639966
1879334623
266919649
2230771436
2562449134
1967546095
2113330932
2002706164
2973654776
2647777023
2149179140
2509954821
2973687567
2200657679
2026200857
2324946714
2152881952
1691279138
1737547560
2158157612
2163203903
2949144384
2099568453
2080956233
5168973
2106580818
1931272019
2037079915
2108350319
2120900469
2158747513
1977540487
2103336841
2395004810
2938888087
2538037147
2130861985
260595617
1626267555
612392870
2157633453
2676744109
2914148274
2141577140
2050318273
2146918344
2108841930
2121949133
1986584529
2133221332
2613698518
1837653979
2091114463
2105532398
432726013
2779078664
2229624842
2780749849
2249121820
2123980829
2497208363
1910464559
2168414260
2976014390
2467291203
2154782788
2798837843
2582241367
2143543388
2772066399
2608357471
2059788389
2315444332
2523127920
2130043000
2106056835
2623070348
2138792078
2154815632
2710331542
2103992471
2806177952
2640208037
2038882473
2798215337
2189746349
2334711999
2776654016
2088689873
1986781400
2311446745
1987600604
560881892
2559336682
2084888819
2717933814
2664423676
2162417916
2110120193
2522767617
2215010573
2101109027
2578178340
2120671533
2168938800
2989547832
2402050362
1993761099
326590796
2113298766
2191712605
2136170849
2161762658
2171396449
2282873190
2260459901
2576769427
2915426717
2035704235
393896382
124674495
2853691854
2207801813
2154389974
2246238692
2162647527
2733105640
2974179822
2251055604
63463926
2998428155
2973950470
2466210314
2109989388
2985452048
2145542672
220422686
2114183713
143221287
2316460602
2494194235
2110186042
2574705213
2097996354
2019451459
2624840279
2234311260
2118607467
2001691246
1971544701
2796675710
2120049282
2214683272
1982521999
2923455134
2167628457
2052874928
2117427889
2010112691
345432764
2151211711
318333653
1215488725
2167366370
2577425124
2062836453
2641421037
368272122
2969920261
2498978571
2430624532
2951439127
2806473509
1918362437
2790384458
2485904202
2159469398
1999758168
1972560732
2484331357
2146460510
90596195
2489934704
2810209136
2132337531
2080269188
1979933575
1495032727
343171996
2280121255
2149245865
2149966762
2135581613
2807456698
2974606270
2347787202
2491507659
2115429334
2661114842
2309972980
2607408130
2973885449
2015814682
2607997978
2602918953
2676941866
2154259506
2306237498
2098553916
2338645064
2974835785
1960698960
2139350096
2222056531
2928829527
2762073178
2722227292
2019419233
2171036777
2209178745
2125030531
2149999751
2851366024
2149901449
2543641740
2286281873
2974901400
2950030520
1973314746
2663703739
2250302659
2228806857
2079286474
2306467033
2234115294
2951734503
2973787369
2128962793
2118771949
2022335729
36824306
102229238
2136728825
2175821055
2397627654
1984914715
2023154971
2149377313
2170840359
2228643117
2132436271
2143413563
2074895689
2180146526
2202756453
2145052007
1952277872
2684151153
2215339380
2688410999
2343101817
2496423290
2950325633
2201609609
2119591309
2148918671
186148240
347792796
2098423198
2214061478
1910302118
1953621418
2968610223
2790843824
47375799
2787534268
2928141758
2059658689
2614126018
2104812997
2085807562
2118051275
2613470680
2113758695
2412209643
2251056627
121890299
2150295037
2470340094
2056381950
1904436742
1915774490
2411849243
2084267557
20702764
949544498
2628150835
2461754932
2503435831
2275305016
2112087609
2973492799
2255545921
2790286923
1834378833
2717181533
2319345253
343303782
2223531622
2276812403
37938808
2166285949
343041661
2786813576
2279859853
2927912594
2136663722
2776098497
1964467910
1625712329
2550195914
2950358731
2126735066
273475290
2974836459
2097604331
2475484915
2112644851
2228578037
2109990655
1999595270
2168547084
2509989645
2806703886
2642110223
2164352786
2669602619
2105501499
2571003714
2252072776
2233034568
2342315851
2705712973
2072995668
2073192282
2155997025
2609735524
1972692845
2148558718
2019551114
2130962319
728065937
2051205022
2560747425
2754439079
2693719982
1966663607
2618550202
2712430527
2920212419
2086561735
2030200780
2138204110
627763154
2608228311
2770560988
2096130026
2114086892
2524080115
2063165442
2056022020
2718590987
2312497168
2239784978
2603477012
1982523417
2166089759
2974836768
2058905646
1931601972
2493835316
2559731766
2973952058
2063132730
320694338
2639128650
2150033488
2621302865
2585946194
91875410
2148329557
802613336
2524375131
2762401889
2691295333
2122770543
2124900482
2479679620
2089674887
2722097294
1991895185
2088986780
1009445038
2123688139
2407950545
2227398868
2302699734
2230053103
2077223157
2107042041
2165172474
2974443771
1977116929
2152589577
2091641100
2107369746
1267919130
2017061156
2644961573
2128865582
2117658929
2185062712
1999890753
2918148421
2473486677
2165991770
2635852122
2291132764
2164713824
2122508644
2988894566
2154064242
2141579636
1979672963
2240309636
2472634760
2230249881
2019158432
2937743786
2202102189
2989550000
2014570942
2260560319
2052221385
2128669143
2973788632
2097768921
2424269277
1247537634
2131028456
2627135980
1999563257
2061330941
2471553534
2502289922
2126408194
2484529667
2798709277
253815328
1834773024
2680121893
1985997350
2234247722
2807327283
2229103157
11725370
2099243581
2145577537
2153179717
2035018311
1980295760
258599510
2136730206
2167859808
2610063970
2806442599
336194156
177990261
2130569852
2685135492
2171759247
2911267484
2111826603
2117036721
2281204405
2015685304
2186439357
2139744957
2036525765
1978362565
2305026760
98233033
2989386446
2057366225
2148100823
2117692125
2681629405
2070145773
2133584643
2345003782
1978690322
1909451540
2042817301
2290805543
2169826088
2395826990
2302569279
2555603776
2115398466
2394549062
2276813653
146467676
2588371805
218360674
2177100643
724069242
2130078592
685665164
2806147987
2563959702
50097054
2405395371
2343758766
2090855346
2222222258
2712300474
2194631612
2604133312
2215865282
2737007559
2721868752
2148559840
2140466148
2128571364
2110123005
2983062555
2173529115
2490330143
2282023968
2024860705
2119134252
2100980789
2099571765
2487446588
2002906178
2336943172
253914207
2098293856
2973953130
2035346540
2146200696
288320640
2098457734
2134764682
2292051081
2417487006
2131225761
2127850660
2777410728
2408901810
2892557512
2669571281
2285006040
2154786016
2165206247
2763746541
2666917117
2304929024
2287824136
2148330769
1873538321
281079088
2222353723
2039246148
2130341195
2539220304
2233789787
2794286442
1453714795
1970138479
2097278321
673017202
2128637305
2169236860
2236378493
2550459776
2762993027
2442882442
2496195987
2123165094
2509663655
2290576817
2131193265
2158063030
695725495
2973560251
1979641284
178318791
2028367304
2146168274
713453015
724299231
574844396
2696867315
2776559094
2619633148
2097573376
2464214532
1907387910
35548685
2211540508
1990061600
2118184533
2225729112
2641587803
1981771355
2113269357
2228612722
2304732805
2153246350
254766753
2476338853
2573233837
2070867630
2115333817
2159603389
2789699263
1322315466
2952425186
2230480623
2001596162
2798120714
2012507924
2340744982
2101047073
2012507939
1964797733
2240835375
2959077179
2665967430
1125609288
2311319369
2290773832
2902650699
2894458706
2155769692
530804572
2081714018
2599055213
1982164847
2342645617
2139582326
1967517565
2305159048
2806968201
77492112
2125164433
2642407313
313552786
2310336406
2322526111
751038373
2164944818
1989767095
334589886
2666459073
2157244358
2628906953
2041442269
2183688158
2893246432
2223271913
2920312810
2011361270
2128441350
2643062796
2645815314
2669703186
181137428
2395172885
346288146
2135289879
2161307673
61468710
2690674738
2288414773
2104193114
2125262956
2308698221
2110484598
2087383160
1931309187
2230284425
2974904469
2147545244
2135027868
2150527135
2662920352
2974478501
2071556263
2131095723
2277306539
643559596
2121986225
2047865013
2157080782
2027155665
2133749970
2974281941
2315546843
2138960101
1971646697
2953179371
2159374572
2276454639
1998844157
2407952643
2307715333
2080370950
2130014478
2984276248
2119201063
2271670569
2635723057
2609180980
2087940408
2143088964
2313449799
2653090121
2557374793
2119954779
2113696107
233435501
2275996019
2138763645
2945282433
2119364997
2559177102
2040230289
1494708626
2952294807
2482532768
2893214127
1988260275
2135945652
2019062196
2199548342
22180286
2513367486
2238083521
2503471569
2923262419
2558685655
2616357347
2953245160
2159047157
2120774133
2136895992
2706928120
2101277182
400323076
2717741574
2523787784
1415213586
2143023648
2357457453
2157638209
2133455440
2137420368
2708304481
2105340527
2035380855
2111107712
2177233542
2949542534
2090955402
2079748755
2518020761
2107962031
2637689522
2125492919
2286809783
2620224193
2950034113
2079978182
2106913481
2173039310
2303554256
2686513874
2223502036
74609370
2097541851
149058271
2169434849
2139910894
34337518
2983654130
2773119742
2319151873
167375625
2146005772
1899918099
1963488018
87749410
2762208036
1769075498
2031088453
2090103635
717124440
2126443358
2000647012
2118742884
349074278
2130932582
2567500659
2072802184
2343728011
2045277068
2067624852
2695197592
2102752162
360280995
2120741800
2935190451
2062709687
2720330681
2207282107
2104095686
2143843278
2648208355
286913512
2947576825
236844029
2809852935
2553607193
2304537633
2654827559
2974577710
2107241525
2098525246
2632709206
2636215394
2222847076
2103309413
2129359981
2515334256
2075161722
2565731452
700937349
2036561030
2072704133
2083484812
2222027917
2513695887
349598873
40662170
181040289
2164651172
1984066730
2309125292
2537616557
2095150274
1977349315
2088039621
284849352
2153510094
2570024154
2017883357
2398614753
2842260715
2091906286
2171335920
2686285044
2095609082
1646720253
2667476225
2304636175
2665379103
2154657057
2978346287
1151530292
2283369783
2151249208
2118481217
2497967435
2786096459
2211018061
2555016531
2065069400
2704209241
2209674587
2152658277
89060712
2046653803
2165536113
2949543303
2096133513
2169959827
83719581
2282091935
2943120800
2025616804
1909978535
312767914
2474931629
1994093999
2182903216
2299524537
2098263488
2241197509
2079684041
2941908434
2129393107
173045206
2972743127
2052421110
2775840247
2168976896
2003760641
2607871502
2231727638
2020636193
2128115238
265287211
2666788395
2046621229
2279306798
2110715440
2104489522
2073818690
2153248334
2575529558
198932061
2112058976
2979886690
2059171435
2100950637
2030663283
2973234804
2100033147
2104817295
2066282134
2167404190
2008577696
162100908
2097706674
2472343218
2566223552
87291599
2720593618
2971432660
189920984
2517399268
2287367924
2231990005
2067527417
264828671
2135193347
2143188745
324073226
2170025744
1984231185
56063770
2225731362
2682582829
1966831408
2206725936
2676946739
2575824702
2098624334
2162882385
2547349331
2974447445
2336978774
681441116
2010281829
737834871
2135095168
2114746241
2143713155
2310436750
2604332946
2406545300
2097575844
2693003180
234059693
2189162414
2974644144
2636085170
2552494003
2251454387
1498544059
2303489987
2295527366
2567665621
2692478945
2952656866
2740287458
2225043433
700708846
2100951023
2097870841
2321446923
2135390223
1993930781
2212067359
2921232417
2949085243
1991080003
2168617041
1872197721
2915858522
2250799213
2974840942
2122250353
2468182140
928839812
2123397254
2974513296
2235594903
2129098911
2222291105
2101213347
2713188515
678623402
2691070134
2241820862
2069821649
2108487891
2973628630
2098657502
2106063074
2500163811
66844913
2127067381
2147318006
2167044348
2210167040
2079750401
2112026882
1976138005
2787997984
1976989989
2126477607
2104064298
2124413231
2506488115
726169909
2937747765
2134243645
2066872638
2149579083
2465036626
2118252886
2106587489
2973432165
2256337253
2138044776
2151774571
181893486
2150234485
2564061571
2106128776
2563766668
2579003801
2508159410
2974480832
2120022482
2134505947
2136177121
23099875
20281835
2973727218
1689385459
2122775033
2171927035
2282748429
1196423697
2497640979
2107341344
1935276577
2508290596
2120317476
2494003755
2778167875
2017393221
2296937048
2012478052
2230254195
2974087800
2651912832
2143156879
1864137361
2199255697
1717402276
2132998849
140049092
2147154630
2138110664
2599877331
2109143765
2791897813
2108390110
2902686431
2030271208
2075917035
2228714223
296418033
2617506548
2106587893
2565831420
2973268735
2293660417
2112158468
2117237511
2227239687
2144041741
1229716239
740883216
102660889
2657712924
1991211814
2581953322
683375407
2119924529
2038922034
35158847
2152758083
2034957133
2273475410
2894035797
2157574998
2154691419
2142468959
2129656671
2608954211
1976269672
2096003946
2060614522
2149841790
2229402505
2097937306
2110127011
2777742247
687016
2321120173
2115107758
2682059700
1984953298
1170701266
2225830875
2158787547
186612706
2065464292
2704636913
2127428593
2574613491
142736376
2296249340
2787081215
2647030795
2135489550
2142010387
2165341214
2138635300
2653256773
2089811026
2557312086
2570812513
347798632
67107964
1912732802
2228092042
2589588625
2164620433
2098265236
126614680
2023160985
1991900313
2609872049
337575093
698449080
1590983864
2648505535
334789826
2113666245
2539519177
293534923
2163670231
2037808344
2082307296
2008480993
2117303523
2709355753
2040560880
2225372412
2685631742
2474966271
210304264
2122611977
24968465
1277066528
2518023461
2949283110
1205501241
2176679226
2144369981
2114157890
2109275466
2269347151
2647784783
2590735698
2599288149
2035940696
2778332510
2165898594
2557476206
2119794039
2163670397
2116353412
60325257
2010447242
2105933217
2049605028
2153250215
2026175916
2303393198
2608627119
2631794095
2064416198
2802744780
2159082957
2495184334
2280848851
2155118037
2665774557
232324576
333250019
2137849321
2041314795
2962128363
2595618285
2644082174
2068905476
2344680966
2044395017
2911960589
2164522516
2558295590
2233335334
2081029678
2129198645
2114518581
276594237
2026995264
2021686850
2679209541
2110914119
1970241101
2715942486
2119204446
2096889439
2147417694
2097512048
2100592247
2146107024
2276785809
236486294
2150465178
2635660955
2294840993
2779348644
1968012978
2171207353
2053635785
2288746189
205749973
1530363628
2122284788
2290024181
2523758330
1981808379
2116124413
2339798781
2969403134
2974285572
2151186181
144637705
2115567374
1970274077
1763376926
2527100715
2095316779
2169143086
2158526257
2114289475
2114387783
2496003919
2107277143
2306473828
2636119918
2461368180
109346679
2161344380
2241101708
2145812364
2637725586
2291138457
180780953
240451495
2137948073
2689302444
2697101232
2139881395
1993899960
1964507066
1978138568
2142633928
2145779660
208076754
2260926420
2019557347
2433122279
2104885232
2469462003
2340126708
221675514
2557378559
