fiveHopID
2156789775
2324299791
2638086171
2435711004
2704408608
2267283502
2116026538
2775974074
2308440255
570949856
2631663852
2230845692
2032795903
2502689030
2104230149
2318795053
2655387958
2299134274
2193228104
2541355361
2614100323
2478702949
1763836286
2487484831
2103574990
2912420349
2027029003
2649358872
2653291036
2642936365
2696413741
2224030271
2705326676
1542193756
2753692276
2500461176
2599420603
2779644632
2734818013
2967732957
2528641763
2518942458
2166620933
2103837482
1254753082
2146304839
2739798859
2120483732
2796684190
2973893544
2683044838
2600207333
2964063244
2551972885
2639791168
1885733953
2792883303
2318009499
2973893817
2547909817
2629436614
2991064263
2044331210
2974680278
2710701275
2940863710
2001208558
2947941620
2236613899
2325873943
319423779
2165835056
2302805302
2549220672
2974680404
2717255013
2662598011
2104362376
2706507161
2304771485
1498678688
1995965867
2440431022
2928281006
2517108153
1880753621
1095894501
2644379111
2979792391
2987525653
2681341489
2429814334
2423129669
2286028358
2641888845
2343175793
2974156417
2168587952
2973238975
2693138121
2229143248
2553284344
2563770110
2424440626
2128611154
2597848921
2765227876
2311587696
2169505670
2695235482
2693924780
2224818147
1987971043
2700609523
16779262
2612135950
299632655
2804811793
2706114602
2995128371
2398357566
2962753637
2261518438
2226915452
2154170508
2910193811
2168457365
2573994145
2207516855
2966161598
2561673414
2974812361
2284718293
2562328822
2634025222
2646477108
2893285690
2716338510
2640972113
1995442534
2172782990
2314996125
2711095713
2120616367
2163476961
2280131050
42076659
2748844547
2467039749
2608990779
2648312383
2936801870
2097547860
2401897089
2738490020
2508589735
2305690301
2305034962
2159545072
2158103305
2277509921
2507672355
2203978545
2409892654
2899053380
3007974238
2319059889
2987264952
2758151094
2883324885
2514619351
2644511725
1979059229
2102266922
2047872048
2490633272
2712276051
2660633704
2793016424
2900102259
2138836104
2184842380
2717518990
2111966371
2034896048
2115636414
2972585156
2142506189
2570325224
2158234858
2784365805
2782661908
2616069416
2308181290
1991249238
2907311488
2069106062
1664880056
328732093
2223377868
2229538257
2973896148
2111311383
2720271904
2756054568
2902199870
2686848579
2479492692
2695892572
2231635554
2551058020
2230849125
2755661433
2654473858
2152861316
2623934086
2115767992
2989362891
2668105448
2426801947
2297302812
2156662556
2692091693
1832259394
2462191502
1753616309
2090340282
2805600205
2648051732
2741768213
2138705947
2554859554
2599030820
2182484022
2596802637
2124025948
2562330722
2662338660
58724483
2101088402
2502955164
2102530214
2547781805
2718568665
2165182681
2774536434
2307133707
2312114452
2591559966
2977960224
2494828841
2300318051
2601783660
2343178662
2572292535
2121142735
2197557720
2551714272
2974814702
2492076527
2169639425
2507543042
2867335743
2496270914
2298090107
2715161231
2587497150
2038436557
2628129510
2400588528
364516136
2333086533
2424574799
121115489
2972586847
2693534571
1946030955
2654344060
2105938816
2985956249
2197427102
672142247
2494043049
2462323667
2462454749
2627998690
2720404466
2102531122
2644644916
2152207420
3001160779
2509378683
2222331038
2792101032
2188645573
2236749008
2936018185
2307790100
2687112495
2334790969
2135430467
2509247836
2260342112
2228360547
2548438373
2646742387
2985694598
2258245023
2974684586
2860389802
2735478202
2232423892
2573735432
2101614109
2717521437
2563773987
2514884134
2712933970
2490635879
2483820140
2706904690
2636650112
2627606182
2304513703
2801276595
2240288446
2481198783
2551322360
2303334142
2288654100
2038044465
2156926770
2798917438
2176325456
2662209363
2717390717
2107905920
2673874828
720639894
2780567465
2780567479
2145261498
2805733315
2561021913
2953844712
2480543797
1913919574
2702448743
2040141938
2162301050
1080957081
2664044715
2780043463
2275809490
2758678737
2160204012
2141329736
2901940555
2793544017
2640058714
2786728290
2114853220
2000951687
2798918041
2123897265
2778864094
1503009298
2115770925
2316966445
50338370
2027952722
2435193429
2566527595
1981553303
2362317523
183900892
2313820901
2910722791
2967476970
2423397100
2498108153
1854151424
2969705219
2629704473
2493913892
2537298728
2568887132
2939689833
2612009883
2678856603
400300974
2758024128
2589465570
2104368101
2118130666
2045123577
2698517497
2231639041
2112756752
2584222751
2494700596
2786073699
2750815352
2089557116
2310806674
2585402532
2805210301
2406620372
2890669271
2400984305
2798263560
2916359437
1894784284
2642812189
2750815544
2160074043
2515672394
2937724248
2550799710
2508856713
2550799757
2303204751
2893684129
2777292233
2938248656
2745834968
2229149177
2491293181
2304253443
2488147468
2551193112
2169380382
2267160111
1978670651
2102926972
2899451533
2755403407
2624462510
2169511606
2687770338
2966691600
2979667780
2307530581
2666012521
2344361833
2747801457
2671124383
2635472799
2922651557
2303860678
2280660942
2682003441
2954895353
2945720351
2482642985
2072125492
2723815479
2100830264
2248679538
2758287478
2643075202
2275549327
2753044625
2144084123
2187731122
2222858420
2676498612
2585010354
2280792253
2574786779
2703761643
2735743217
2904170739
2650153204
2685411599
2025595219
2596544867
2777162084
2321031534
2462589304
2561286524
2330861967
2710184336
2788172182
2038309291
2106335662
2598773173
1838555606
2558796257
2637570538
2688688644
2333352463
2688557637
2665488976
2885821014
2720670333
2902991494
2973508325
2418418431
2963677960
2919768843
2799051533
265167674
2483299137
1441538884
2103583560
2974819161
1970283370
2670601092
2168464264
2633376654
2307662759
2973770738
2673615883
2807047192
2899452993
2734040137
2996184146
2515674201
2133468254
2060330112
2661426308
2751472785
1970676903
2331911371
2165974223
2974688498
2345542925
2976130324
2165318933
2108302625
1998988579
2937201963
2236360017
2781357401
1967400295
2594710905
2465342874
2397578707
2159945203
2676893172
2311202351
2143430196
2786076217
2619352637
2224694848
1970808399
2426807889
2923439708
2158503565
2079336136
2974033618
2460755674
2971805406
2311857892
2125080313
2171610889
2498897683
2687379228
2308974371
2097948451
2789484324
112207691
2658805580
2916493136
2512398175
2550409089
2343708560
2033985445
2170300329
2158241717
2144217019
2890934212
2598643682
2223777793
2705729538
2667587586
1998202880
2973640728
2775853112
2567841849
2293508206
2542020770
2307008685
2702715053
2998806703
2780440807
2980849913
2137663770
2346854699
2141202793
2721065329
2162174329
2440046969
2675976585
2146576815
2431396275
2656446905
2910857680
2627873237
2664180237
2124556833
2973903402
362031723
2322737790
2794334877
2038180513
2804427433
2110270123
2228103854
2130717357
2782800568
2899323601
1230383830
2620402408
2568628968
2674666245
2332568355
2252352312
2657233749
2504928166
2599300019
2645830581
727460795
2547264443
2244750279
2640194545
1912876019
2230856704
2172398604
2702060583
2529307701
2973248570
2634558552
2639277150
2106469473
2155490415
2792893555
2113416341
2794466478
2311335094
2279484602
2973379787
2230463730
2033593639
2399939905
2555915600
215756145
2710973841
2317102505
2909285826
2224696842
1239166512
2656448106
2582130292
1782328953
2807705207
423243439
2809540315
2010525411
2396401410
2574921507
2711367475
2130194247
2735091530
2563518302
2708090758
2807050129
2114596758
2164141977
2256547780
2797875165
2305568764
1125789719
2311073855
2117611589
2224697535
1969107170
2555523301
2229285098
2104897796
2225877266
2223124772
2591306031
2974429488
2492084542
2804822333
2343842109
332017998
2965647712
2723164521
2645569900
2303209850
1326592398
2640065023
2548052480
2678338056
2790928911
50606618
818426394
2614899241
2138714670
2591175236
2798269007
2476225110
2483565194
2901553823
2973643438
2898408113
2900767414
2974298815
2566533846
2223911654
2550936323
2227712770
2605069066
2973250319
2566796095
2226008909
2984391519
2312254324
2636919679
2657366963
1994535859
2972595138
2228892624
2467181552
2495886327
2152084475
2667066365
2102277126
1450849357
2767336596
2477929635
2430481642
2693412091
2667853065
2429826333
2249602340
2686596430
2226402639
1990210908
2899457390
2622240114
2137273718
2320643470
2988717479
2974823878
2676635079
2228368847
2690921939
2141861358
2963945002
1829647932
2556180056
2565355104
2640590436
278410862
2279224950
2885564023
2140681902
2299934393
2888316625
1982084833
2637313765
2973775599
2692626159
2475833074
2167027509
2974037813
2471507786
2273589071
2460759894
2117613410
2974693221
2008692587
2165847923
2672572277
2798401407
2669557658
2666805156
2806921129
2791716780
2527475643
2172008383
2583705547
2098739172
2489727003
2495494174
2883074094
2167945286
2660907093
2145269860
2567714928
2549364876
2217490588
2256287912
358234281
2870884522
1576417483
2894608635
2891725080
303970599
2885957932
1505900866
2483042641
2464037207
2652649827
2227059048
2796960113
2111060360
2973383053
1759001002
2666543549
2179086799
2131769836
2108045811
2789882357
2230860282
2460367375
2142911014
231094867
2982427229
2686990949
2914794084
2115517033
2286041703
2761701999
2223127168
2475571855
2659990208
2263366344
2272803531
2747415244
2550807285
2906798842
2398501631
2028485394
2701671198
1977629477
2578856756
2944547651
1203256135
2974301008
2636397392
2550545240
2304916335
2308062078
2086550457
2922265548
2306620371
2994748374
2620537827
2629319666
2305965076
2974039067
2140027952
1966357580
2637577304
2636659802
2974039136
2127576200
2045787276
2715565218
2483174595
2425634016
2995272961
2620931371
2169257265
2128231736
2980199747
2977447247
1998208368
2182626679
2651209093
2667199885
1525431720
2911124913
2907848124
2098740668
2770484692
2797223389
2334014950
2774154739
790511097
2466135562
2494578192
2277785115
1274035751
2068201028
2554740370
2296528529
2276998822
2168077995
2656583345
2683190974
2046967510
2102804197
1963736807
2001616626
311574267
2114338568
2770747164
2973777701
2344369956
2602843983
2116960093
2974170987
2284470168
2804039598
2302558130
2937470903
2763800510
1997029315
2982952916
2131902423
2307801047
2679259106
2684764130
2589343727
2433237008
2137276448
2478063649
2973515827
2628141135
2261008465
2309111909
2225487986
2924363891
2648719477
2964078736
2680045714
374620318
2137931955
2483830984
2972205312
2783068427
729301282
2981118253
2604679474
2973647185
2222342485
2462597465
249577840
2973778296
2159427983
2219721117
2657370552
2303082983
2302820857
2293907976
2423800329
2590786093
2898936399
2804695650
2626568823
2158510727
2230338185
2798011145
2116829964
2900509464
2305049381
2439791416
2685420369
2989507468
2578989967
18760598
2705736603
2231387058
2919515062
2686338022
2982036460
2229814270
2433631237
2654356490
2041201713
2283291702
2701673526
2294301773
2129151056
2663138384
2142782546
2647802984
2793424023
2303214746
877937830
2225095905
2231649528
2311865593
2762622211
2126267676
2984264996
2168079657
2163623236
2687518057
2108310904
2239251840
2659206559
2103068063
2632074664
2975221167
2650162627
2194163169
2228372971
2973779455
2786739722
2979808811
2121287228
2988983875
2118927969
2227062384
2572043906
2119714439
2323269261
2332837522
2974697101
2461157036
2029012668
2322220770
2972075750
2048673521
2512144122
2092320516
2303346445
2053392172
2408466233
2692106049
2394965830
236078929
1844725595
2403878759
2898282374
2149992336
2504411080
1983530953
2110277590
2227455986
2501789746
2309507166
2974828644
2571520106
2628667530
2683979918
2651605139
2713864340
2688043183
2625521867
2887272669
2255374593
2155628805
2203863336
2460502328
2096122178
2132953418
2486061390
2690795870
2226014566
2740078960
2265336182
2973911413
2052737430
2726054296
2409646503
2627357113
2921351620
2645576143
2277657068
2019314169
1513769466
2276084256
2565884450
2634566192
2289060409
2761968200
2576763466
2695776860
2558675602
281823904
2618706594
2699446960
2668382908
2404141791
2550811364
2641251053
2685684495
2889763607
2685684527
2263370549
1588611917
2786085734
2575190896
2403748761
2492353500
2712554465
100027360
2259176419
2973912045
2224966638
2138983411
2723302396
2166508639
2518436966
2657242235
2580434082
2478722227
2974305478
2232569059
2406370560
2665893123
2655145220
1995590954
2052869435
1968459079
2169261386
2131512693
2431667575
2065976732
195841441
2560642471
2229816744
2561691051
2588691891
2803912127
141053381
2462076388
2772061671
2979810815
2946911769
2120371759
2496024114
1517440568
2786479676
2304003670
2151960156
2518306401
2661437052
2983087740
2971029118
319311498
2105429698
2277265122
2601668340
2650427180
2892648245
2945601385
2669039466
2941013937
2701545396
1973309408
2576764908
2069385212
2423803918
2228244499
2296401940
2699710487
1964527646
2135314506
2608222302
2686210186
2750828689
2973782209
2324320458
2125877467
2133348573
2711376108
2421182703
2500350198
2974044408
2258653435
1859408150
2560643361
7754033
2676904267
2144227671
2522763625
2760921472
2305970578
2897891755
2672579011
2807189968
2167034332
2779009528
1913934329
2050511372
2641908248
381571614
2154058331
2130465394
1921274504
2666549940
1225806518
2323534563
2526040839
2799719189
2227720983
2442023711
2628408104
2973782836
2698400569
2798539656
2132038545
61887382
2575192987
2701677485
2127975349
2441630695
2506642412
2388677632
2541114381
2113688603
1539331129
2673890361
2717930562
2723959914
2397590638
2571785348
2662880397
435573923
2318816435
2170967269
2715964650
2228376817
2963559680
2575586592
2705741106
2574669139
2005292402
2571130321
2588038636
2032031218
321148407
2999604732
2897761808
2630374943
2309641761
2404013608
2234013259
2045007458
2615563882
2504152815
2157336319
2375309096
2222610231
2480691044
2555664233
2290243439
2097174431
2716882870
2104776651
2973259744
2096388120
2734970949
2045139019
251025516
2294044792
2592495741
2125224085
2142787778
2113951952
2008439008
2680051954
2902743285
2283034877
2941671721
1991661891
2582534476
2240829797
2798803303
2516605287
2846120299
2884655491
2516736398
2968279448
2977847746
1972918723
2781501899
1693080013
2573883853
2655148503
2045139436
2283428344
2245024253
2117229058
2408733220
2677561895
2476890716
2669042303
2987154054
2631162541
2973915850
2240436950
2803522265
23616223
2965789454
2515819284
2124438335
2625919907
2825149364
2937478074
2237684671
2867485640
2433244115
2027707357
2080922603
2231393268
2710723575
2160483327
2505989131
2911788073
2470206527
2701155401
2316065878
2480561346
2500222156
2486459604
2490916058
2576375033
2528271620
2691063044
2663144722
2319605023
44850482
2609536320
2758827335
2745326938
2735234395
2907463020
2305056167
2154585519
2106219980
2143706594
2255642092
2491440628
2476498423
2965528072
1919835660
2444516884
2250661401
2922012186
2720554543
2428919347
2673761859
2117230158
2625658476
2122079853
281042546
2705219216
2891210391
2575195810
2614517423
2153012913
2763284152
2132958973
2125618961
2645450529
2947178273
2980339501
2708102976
2035048269
2068995951
2517262209
2654232461
2593021879
2698796996
2331664326
2618974168
2443075584
2163892235
2078040076
2915852321
2305843250
2100322357
2338611254
2670354489
2558419016
2710462541
2015125594
2227724387
2908774509
2290770105
2771017915
2656329929
2575720654
2425643225
2478334233
2643747107
2226282789
2912575786
2086166849
1933205831
2226807131
2631426422
2974179728
2714132890
2220122523
2761056670
2798412222
2754109921
2250400293
2171101736
2403361329
2577162804
2488427061
2036884065
1973052039
2227724966
2137154227
2309907127
2124702408
2809029357
2406114046
2101109512
2490262283
2659738385
2395759382
661152554
2893439834
2466145124
2625921901
2636669806
2303746934
2200986487
2217370486
2030330787
2990171058
2893833143
2086167480
2548327374
2093376467
2798412774
2831442946
2746770436
2640864323
2710070386
2877842552
2306761856
2584372365
2973656229
2342806695
2639029416
2172413105
2406900931
2553701589
2776917220
2515297516
2974442745
2492884236
2514380102
2235852165
821585297
2655806881
2477286868
2231526872
2239522290
2504418802
2128766459
2133616130
2150131203
2973656586
1985373708
1668965905
2307548701
2174248496
690382388
2794219061
2925028918
2556192344
2077386358
2636015231
2027054723
2425644694
2113693345
2942592693
2219599659
2969200449
2138072916
2165335896
2706663263
2160093051
2892523398
2133616553
2120247267
2344773607
2086037556
2549901385
2681104475
2058512488
2621073519
2629855365
2137286823
2112907459
2885445847
2584897756
2549901532
2631166183
2809293033
2983880964
2493147408
2103470367
2688444703
2941413695
2844027202
2143578458
2230348142
2480171425
2695915971
2711120325
1997433289
2622646729
2524473807
2550688219
2081450473
2947967476
2116577784
211839492
2941938236
2407295550
2478729834
2582538875
2916641407
2474011269
2505992856
2179885733
2143185596
2607573694
2806016723
2884397794
2310564590
2396416756
2304666356
2641128184
2690149124
2566548237
2701290258
2507303711
2303486762
2494196540
2633132882
2147773278
2165336928
154954605
2647288745
2106878899
2145676224
2278058958
2186308580
2697489397
2783472687
2225892473
2974575771
2628283571
2141088955
2157866188
2557111500
2702863616
2648075549
2754374948
2063756598
2951900497
2551606651
2796842370
2576903597
2806803892
2964221366
2491444669
2307812801
2425777631
2935909864
2522902009
2170318353
2974838324
2973789774
2684120672
2142400120
1982361240
2708237979
2750443187
2097442491
2101505730
2976673487
2464444134
100429567
2089447194
2973658927
2632478512
19558196
2665508689
2143186780
2223140730
2756079488
330461079
2809687964
2974052257
2404675526
2411884487
2038198241
2516086782
2134142978
2046062594
2644668426
2035314718
2935779376
2911531064
2316595267
2884530247
1489530952
2071228521
2948886664
2495115405
2331275413
2789765270
2585161883
2799071392
2664591537
2261151970
2793042168
2113433849
2974839057
2571530514
2789896472
2020372765
2973921569
2666426698
1963356542
2935910818
2500882858
1315074483
2743103949
2571792845
2899210716
2888200675
2169795105
2346086967
2552918581
2683728510
2018669216
2399826619
2931192511
2096394948
2943120077
2929226454
2087744237
2037674733
2133095157
1962046210
2905240324
2598662939
2969334569
2151576367
2702209839
2738778935
2976019338
2134668188
2104652745
2673636339
2953999367
2567599116
2320790545
2944693339
2103604323
29783158
2555016312
2118808724
2672325809
2159834296
2087351494
2983359752
2226156818
2128639271
2476897597
2158654875
2920969632
2150266282
2707977703
2579789306
2653320703
2770236933
2970252872
2684778058
2586474066
2974840408
2034792035
2510845563
2973529734
2634184344
2287630000
2628810425
2156164814
2560521936
2304145140
2014869237
2162980605
2714138366
2676520703
2651223812
2125887280
2549643084
2597877584
2481485676
2159966083
2611902387
2797107147
2635233260
2672982078
2508093508
2311747707
2107930771
2810214591
2274916613
2117368129
2805102930
2225895802
2974316951
2989783452
2515565017
2973530593
2123921890
2103081451
2258795012
2752543294
2892397125
2224716373
2917694052
2018671219
2119203457
2421455493
2974186137
2145942175
2647554722
2979429036
2317253331
2293005019
2143189744
2799205131
2311355184
2223143755
2226813805
2101771214
2677701599
2682944500
2609937420
1853127693
2232581154
2534833235
2332720211
2588834956
2097052813
2685041839
2000977083
2945481938
2119335125
2943253727
2222488803
2014870771
2897771772
2787409159
2287762698
2658303271
2560261433
2554363238
2101640551
2606398832
2656599428
2104393168
2655419878
2069528039
2157477370
2890956312
2688712238
2582412896
2974318182
2994634376
2558164617
2650570380
2966453893
2107670172
2753855202
2084994827
2708504357
282492718
1690861363
2229305170
2634579833
2651226023
2600763314
2228912054
2226945977
1987477435
2160492488
2267709393
2796191752
2652798992
1968603170
2555936808
2660532361
2710208652
2198372536
1536852202
2119860473
2741010715
2503115044
2650046789
2466283850
2642444649
2058256753
2227470706
2559345022
2120778113
2200863109
2223669666
2147647919
2628682168
2337833465
2704179708
2590147076
2985460231
2779677197
2229436949
737182237
2608628258
2309915202
2764341860
2599191150
2225898139
2045674140
2974581403
2974450344
2974712489
2564457146
2683339482
2123137756
2735112938
2263122671
2224194298
2239398692
2708243241
2592899890
2053538617
2566161225
2055635792
2712699745
2670232423
2645066600
2225636219
2314896258
2744943502
1827832728
2670232493
2894103476
2226422709
2146993108
2964358111
2233762848
2703918115
2974844028
1285194893
2628551830
2973402262
2226160817
2160231612
2464056521
2978383081
2135196927
2973664525
2617279755
2111997240
2398520647
2222359899
2944566629
2151318897
2766046587
2817688963
2124842386
2671936925
241599929
2564195784
2157217237
2920973791
2945484277
2746516999
52725303
2714273339
2339538494
2281473605
2713355898
2503116418
1487177350
2056554161
350127798
2629863099
2095482582
2160494295
2553448188
2492630793
2507704075
2230486831
2664335153
2674558792
2156693370
2593949619
2973271999
2671413185
2972878786
2556069833
2119075831
2110687228
262309901
2621081630
2800912449
1992591452
2903410810
2974189698
2304411800
2973927595
2275838153
2120911051
2114095313
2752547044
2557249774
2067695858
2256701683
2797635842
2894104842
2782824716
2974451992
2974058794
1460177195
2803403063
2222754158
2656471450
2967505330
202541506
2168359370
2706409932
2974321115
2201127409
2756741617
2157873675
2742061609
2571536968
2973010515
2786232919
2461436509
2902231650
2779941478
2678098557
2308999812
2113571465
2666039954
2786101911
1948027548
2131266208
2743110351
2504690392
1972931288
2306247422
1972013837
2229046036
2646510374
1133546283
2463533878
2110688072
2401536851
1979747161
715033438
2156694407
2627373964
2884275155
2568260581
2309524456
2974059504
2438368255
2497874952
2699070479
2973928471
2686880797
2979171374
2225638456
2610465858
2608368707
2892663901
1987480706
2275970199
2166000864
2127727847
2712308993
2506394917
1985252683
2122353996
2552663397
1996918118
2566163842
2560003468
2567736725
2633928094
2681507264
2714930624
2293403181
2677050938
2293665362
2897120854
2578746983
2899611249
2161544873
2634321591
2219478745
2492370673
2304151286
2565246719
2229047042
2974060305
2682556225
2912587588
1982238539
2785447763
2554105701
2006880119
2973536119
2755694456
2100858781
2224197546
208834482
2777321414
2507968480
2654113816
2226032683
2230095918
2494468151
2576257093
2479394904
2084474982
2973274243
2116325541
2130612413
2897645810
312512822
2222231872
1979879754
2307166546
2777715055
57840002
2294452625
2152370632
2570359247
2550174236
2497090083
2650051122
2642711097
2231538269
2843906674
2602341037
2499449534
2942341828
2371261126
2636813011
264016607
2707460872
2581762855
2293142316
2325910330
2917045093
2592379849
2510722026
2656211959
2937361458
2566558795
2094044259
2132317287
2513474667
2061931659
2702087315
2233635993
2718864558
2431685815
2629473474
2086311112
1839502586
2973406464
2635502849
2143982864
2232849706
2985071932
2481100098
2156041540
2687276397
2952641309
2150536574
2437715340
2035062158
2552141202
2510853548
58627513
2701432260
2690684364
2224330207
2302842349
2129827326
2405471747
2121963023
271619631
2155386457
2297730652
2133366365
2309133934
2898564732
2761594499
1902024338
2891880104
2310706878
2782959309
2790037219
349476592
2779420421
2395379473
2953090834
2256443160
2150668060
318805792
2173343535
2973800282
1988925289
2982188966
2576259007
2577569765
2642581491
2577438718
380278808
2304284703
2319620134
2800654375
2631047240
2974455909
2092865656
2307168393
2687408267
2426706071
350132384
2559482040
2709035207
2401409248
2105972980
2974718206
2082904332
2471663891
2661194033
2100205882
2974587199
2137299268
2561055086
2117507465
3006437769
2427885964
2531695004
2586483107
2118031797
2939066841
2294061534
2420546016
2705496581
2946800173
2181077579
2232588898
2275580519
2682165875
2651888248
2282134147
2406783626
2983369434
2632227578
2589498127
2676398914
2336660298
2498141028
2673515381
2089589623
2670581185
2881002366
2600508298
2105580452
2762513330
2775620543
101882820
2049743835
2444139499
2130353164
2894240779
2973801500
2622528588
2466290815
2776931480
2310053019
2277285055
2680986816
2798558402
2150800657
2129698098
2223807826
2062196074
2638388590
2232327575
2702482857
2588450223
2623839676
2786106827
2734857686
2752421353
2013568499
2618990073
2054725167
2908921429
2734726758
2425396840
2721095292
2894765729
1904778917
2227740336
2566037184
2286198465
2921766607
2932252369
3000016608
2806423283
2658443058
2588581687
2526453585
2404949848
2808389475
2987564919
333225861
2510856070
1996398494
2433392568
2716639197
2659622895
2971967508
2278596646
2495520813
1983291458
2037686392
2898436219
2614403200
2117902498
2229706932
253141203
2112266475
2923733233
2018943234
2421858564
2150015240
2308743442
2973540640
2153161105
1928503703
2228658590
2790695332
2014880169
2717950387
2775622094
2464326129
2126029322
2135990822
2008326703
2862522928
3000279614
2493555277
2599461472
2890441340
2693046918
2137432717
2703663780
2666570450
2596709091
2631836391
2987041530
2714804988
2631443212
2223285007
2107417389
2154603337
2231673686
2229969767
2282398571
2126816114
2662900604
2765792134
2649138063
2744820689
2059969498
2226037728
2052498422
2206901258
2973934620
2226431012
2230363253
2230887544
2135729279
2655560838
2694227097
2809832615
2309268649
2755830954
2904335568
2403509461
2232329448
2706023665
2681644277
2744952112
2522522943
2580981071
2574034280
2630526324
2168497526
660776337
2158929297
2131142060
2114233780
2301404605
177513919
2717820364
2789516753
2529076701
2133894629
2760025590
2988353022
2593039870
2516231701
2655954463
2421728801
2072815144
2603394653
2110826078
2145298015
2273617502
2654643811
2913117828
2979702405
2018551459
2610996955
2229970663
2228266738
2168760057
2584258300
2008852228
2641143569
1980278547
2621351703
2571544350
2828314415
2080679742
2226956109
349218639
2786240336
916236146
2165614508
2171905985
2415962066
2138089451
2914297918
2897127537
2146084997
2250287249
2791352502
2224859331
2569709778
2153818323
1983817957
2651277656
2669979916
2537203994
2306386205
2513742142
2344003934
2310580577
2014489022
2708646336
4368900
2120395274
2886904330
176466472
2098768455
2739972715
2148444790
2974460578
2973674178
2547559130
2105060077
2043325176
2746788605
1967041322
2973412163
2598939462
2131274632
2560666511
2697112468
2667621283
2110958501
2720967607
2128784376
2407050253
2715069496
2187635781
1893903433
2974329978
2421861531
2443488425
2304027817
2983374015
2683874502
2672995529
2426711265
2025368843
2164960525
1458744596
2005052705
2973281574
2902371633
2205592887
2460790076
2656873796
2912464199
2526326116
2964761967
2899619191
2223680939
2495000004
2912464358
956607986
2974461432
2890051169
2664214140
2646912638
2974330493
2258808440
2225385098
2133372561
2168762016
2974854822
2559880882
2974723774
2589109966
2661461715
2949951193
2305339105
2774839018
2001645377
2144644938
2511122330
2422517678
2660937656
2798956493
2497097689
2169024486
2923343861
2557128694
2224730113
2110042149
259960890
2072293436
2397614142
2902896719
2223550584
2631577743
2700521619
2226827425
2597499041
2340204776
2126557419
2727522611
2977476933
2973282632
2112401739
2789650771
2652287339
2911547784
2585702799
2135208343
2776543651
2546905512
2723197415
2799350331
2513089089
2476520030
2098115205
2974593669
1969271435
2295640755
2559881919
2809443008
2760553176
2405217034
2274145032
2708910861
2973545258
2666836793
2496705337
2974724969
2973283182
2633675633
2973676406
2970792830
2597893005
2760291225
2973545381
2528949161
2287252396
2168107953
2313991118
2011476970
2901849106
2974200873
2095494209
2294068301
2495919186
2888610917
2105717888
2974069937
2118038729
2580329682
2156704986
2111091941
2277684458
2308093190
2251470093
2311370033
2693707069
2214638918
2985342285
2528556375
2670507356
2317137255
2913514885
2563028360
2014754202
2796074445
2076620248
2124461530
2228925913
2208478686
2433660413
2440476165
2328409605
2052240907
2974463503
2672735766
2315957824
2631448147
2900801139
2989536885
2123019899
189052597
2152642246
2306127557
2422650578
2691741424
2153166585
2595927820
2592388894
2923214642
2096281410
2336536449
2886514592
2627778465
2460792799
2911811593
2151856178
2810099794
2224339072
2939336836
2807609488
2504439956
2901326001
2097854644
2696067256
2099296440
2237839580
2565650653
2779429125
2641148207
2697115983
2646128979
2555820388
2682960234
2920986995
2585835970
2102573521
2341124561
2503391709
2678897129
2611395061
2556082686
1247590922
2571024910
2674309659
2631842350
2012002890
2544810575
2658712149
2640231076
2917448388
1850260250
2765536060
2164046661
2617555803
2507717472
2673916790
2791095197
2225912760
2816523247
2286337013
2986392583
2795813924
2138094646
2158410821
2563685453
2105457754
2779954294
321174653
2095889589
2325658865
2974858499
177782058
200850735
2438511920
2477178191
2557525331
2344533437
2257501655
2270084570
2231287321
2778775069
2310454841
2518728260
2945891921
2604056213
2223554217
2166537906
267435699
2488319685
2669592275
2059452135
2714681078
2134556411
2973810428
2028388122
2225127195
2410200908
2974596977
2309930867
2141634454
2430779296
2917580705
2159853478
2216214473
2576531404
2702360550
310820853
1988542473
2730147858
2506932244
2552807455
2660810828
2119614577
2910896278
2707210436
2735653077
2813509891
2424357143
2228273439
2974335270
2527904063
2517549392
2303770978
2897265078
2785460714
2974859782
2143339028
2579546644
2944975397
2225127996
2135343740
2770387592
1214431882
2230239964
2716648161
2694628068
2073215716
2095760118
2037957366
2644427528
2506408726
2164966205
2160902973
2480194366
2590950222
2692137803
2060108625
2784150365
1968489325
2763965378
2224866258
2563425242
2584658973
2923873342
2944975947
2792145995
1044563051
2345059441
2909455492
2081997966
2721891530
2341520618
2924397803
2617033966
2229060869
2425275659
2146092304
2164704544
2135868755
2137572708
2904212867
2257372550
2223556007
2226439601
2962933182
2279785927
2643379656
2965816818
2399192571
2566440451
2529871377
2114242093
2668283461
2081736287
2939864671
2570897011
2127873652
2550711920
2317403795
2338506429
2152122083
2901853938
2098251516
2623063813
2948646673
2137573148
2128135969
2740635438
2605500217
2102839133
2939209567
2096154515
2668152733
2303641505
2798307261
2042677216
1207748627
2430781464
2707474517
340969596
2274281609
2887174301
1993787551
2425276592
2939472062
2105985258
2642069757
2928724239
2506803477
2114505010
2501822775
2015152468
2496711018
2100873595
2309409158
2985347467
2157496735
2162608607
2646788588
2941831699
2551106083
2686765616
2396179004
2503395902
2946026134
2973813416
2662386353
2631453387
2148715234
2237319934
2720713471
2635254530
2940783416
2973944655
2944584566
2654784399
2150943640
2664090533
2628045772
2162740178
2955201504
2766588904
2624900076
2605501437
2973289482
2562378785
2510736439
662359100
2047528031
2490027103
2745617533
2518207638
2110311612
2325138629
1967836369
2667105503
2534853873
2673265919
2887699721
2514275594
2700528906
2604977422
2176109870
2153434436
3004353874
1972686194
2621754753
2974076312
2121190889
2405092874
2572078649
2574700134
2675363447
2435239558
2483080842
2269433508
2966212261
2477182632
2630930088
2571685562
2636959437
2904608461
2508115666
2899365609
2557660977
2898710344
2231684938
2480459628
1997459311
2289880965
2574045062
179359636
2040188868
330616772
2969882571
2806173644
2800537594
2296041489
2645479442
2051199060
2502742129
2552680561
2139934833
2226442370
2144260230
206885035
2650329294
2974339284
2565918952
2508771570
2316095790
2605502768
2711015783
2560807283
2108084601
2974339495
2753483179
2974863797
2198917562
2185286079
2230112738
2712588905
266392198
3003306666
2229064372
2975781561
1859310270
2641285868
2610483956
2064569077
2660946685
2614022914
212128523
2592002835
1988809513
2028786506
2604585806
2577322846
2584269666
2692535152
2421085051
297849726
2636174266
2171786185
3005928435
2174014455
2974340090
2715341867
2973946928
1918817330
2652296243
1991169090
2693583999
2231555209
2552943768
2523190428
2226836647
2116998409
2406929691
2661995805
2498155836
2107036990
2052642148
734713197
2668811665
2974471586
1261622760
2974078443
2093667860
2648102430
2218710562
2977355331
2788218472
2973423218
2981287614
2003883738
2253969126
2488981242
2104809220
2513753889
2973423411
2413877044
2307970878
273471304
2228672336
2230769492
2089867095
2100746082
2115426187
2936199053
2953762746
2755319767
2721765356
2944981010
2775373844
2222381080
2973685784
2127616074
2183846029
2985089175
2789922971
1833359521
2374817985
2684410062
2645219565
2424363265
2720717075
2636044584
2636699954
2677725491
2896484691
2432751956
2519521656
2508642681
2808273273
2628442545
2579421638
2686769618
70179298
2223954429
2481904146
2304956973
2782976573
2152782436
2661341796
2688342644
2422659709
2225920641
2167462534
2623855254
2658196141
727505628
2660162281
2227886847
2896485134
3003439885
2973948713
2796215115
2667371342
2037046108
2105596816
2936200122
2021448652
2226576338
2591087598
2582698996
2342968323
2127092749
2974211094
2235751459
2001001508
1965481007
2114640947
2619137126
331013228
2885606530
2669337767
2701450411
2509298882
2487147730
2119228630
2789661911
2973687037
2128796979
2635652412
2587680084
2920340823
208985433
2574703965
2210323812
2890718594
2641681824
2530532781
2605505990
2116345287
2708659705
2073484852
2181094973
2946686547
2851266138
2552815215
1976753778
1966005908
2698960539
2330910368
2050416303
2810109641
2584927975
2121195248
2952322833
2136006436
2561859375
2659508082
2638274433
2634604420
2973818778
2640633762
2245713837
1241571268
2916016079
1236852698
2636439539
2769215524
2512183388
2717048929
2508513387
2637488247
2677072065
310829269
2906185959
2746671352
1991172356
2628444420
2974343466
2223694133
2684019016
2158944606
2173886826
2911822198
2097471878
2675368334
2885738903
2029314460
2424365471
2788483486
473620910
2132730303
2809979327
2223038918
2168906189
2344018398
2227102216
2641027634
2117788244
2974605916
2110972512
2006770275
2503926381
2471289463
2125652599
2991514253
2299716244
2228019868
2118574755
2111496877
2947343038
2660164320
1210376940
2738938631
2584535817
2637882133
2806309696
2959926081
2111103814
2812863322
2764104545
2577720165
2154357638
2790319005
2751914918
2805916701
2988106782
2765677601
2901337131
2435245101
1363731549
2575230078
2227365013
2717574295
2292245678
2105337021
6087880
2085151954
2714166509
2904876313
2920736038
2611275055
2146755892
2312824118
2985354552
2943018295
2158028108
2664097125
2965169516
2139940216
2693195144
2001790390
2482955707
2950751681
2959795658
2984830417
1443947992
2505500120
339928578
2280842779
695133723
2579686962
2218059336
2708530798
2013718159
2220156571
2225530523
2493179589
2963597002
2031806166
2500257508
111339261
2973558532
2130372396
2491737901
2985617238
2107959130
2152130411
2940266348
2110187398
2503796634
2422007716
2973820851
2517034954
2509039604
2003101702
2584406032
2302994506
2770659411
2307450985
2222909551
223144059
2311907471
1825237168
81193159
2575100110
2224482519
2099570907
2029578462
2240080106
2232215802
2770659601
2234312985
2769217841
2671700282
2988370239
2502224206
2702371151
2923358552
2776951149
2690181489
2223827381
2709318136
2171529741
2224744982
2331306535
2164976177
2600921686
2974345843
2225662581
2909334152
2198006414
2607868574
42003111
2770266796
2092624581
2493836002
2777213704
2580605710
2275339049
1025174322
2771839804
2012539730
2725702491
2691754845
2973821831
2676943781
2094590888
2899635119
2954947519
2658462690
2007165943
2671832061
2038361159
2334583892
2739596409
2230381717
2293820565
1993403568
2696080587
2779704587
2293689614
2563042581
2135485718
2681138474
1565584696
2716003656
2303389019
2698177929
2228415899
1970728350
1276571068
2591616537
342945316
2809196073
2000744027
2711809634
2138762856
2620976759
2630020745
2517560972
2682842765
2742873820
2651385586
2435247865
2228940562
2557800211
2058153749
2271145761
2672488247
2112548688
2481254226
2163797859
2793336704
2640900029
2602495981
2982211584
2106912771
2695163926
2441277478
2424369190
2105733196
2952196170
2784030805
2106781810
2798710910
2287661234
2673537208
2925719749
2899505369
2703683829
2494492927
2938827008
151187777
2488332613
1972040011
2164453721
2760044889
2280714593
2727014763
2613637558
2095903195
2779181537
2682188313
2746937910
2015162987
2150429322
2720330384
2101670570
2225402552
2983129797
2283991772
2974610181
2099966735
2815488802
2893222429
2465657655
2126967616
2059989844
2973299574
2501964673
2153313183
2618225574
1967190954
2894918602
2101408739
2597516268
2065101816
2607346690
2260661256
2578117690
2158949481
2211247221
2639459508
2467362031
1181938966
2993747225
2196174112
2973300000
2491741473
2304832834
2527393108
2989421910
1985541497
2285172104
2043606411
2531456441
2657416640
2925327808
2851403218
2985752019
2974086613
2652960224
2510878195
2920347128
2465920510
2399729226
2947085939
2343761531
2790323874
2635003562
2293954234
2704078548
2148857570
2269050599
303625965
1434253050
1980036875
2109273907
2985490228
2223830846
2909468491
2787702625
2974611327
2096822168
2099050396
2527917977
2898720672
2974218196
2765682648
2154625002
2132735993
2937124859
2108618779
2305882154
2669213739
2737109061
2659121225
2578249840
2974349427
2103769217
2648373379
2429876361
2424371355
2761619632
2236414201
2690840855
2301557019
2616129836
2585852207
2899245376
2435774794
2123168091
2635528548
2629237114
2228156808
2143353230
2895837615
2438265294
2612328927
2107177445
2652699134
2170223106
2558065160
2337864238
84998706
2963077715
2158033524
2137193109
2181626540
2797402842
2475358955
2668165875
2112813813
2763193081
2135489279
336263936
195885842
2645621575
2888235847
2675637085
2171140991
2655714191
2703031195
2426338205
2906717106
1904147387
2659384253
2974088131
2580872154
2650864629
2635922423
2974874626
2679700484
2670394375
2010053649
2889939988
2537618453
2008480831
2406939751
2655190125
375848080
2620325010
2440887453
2222259450
2796616963
2763193640
2661743915
2222914893
2690973019
2666069345
2129329527
2156985721
2067201409
2949316006
2430401959
2402876840
2345991645
2398944735
2295922208
2614820393
2306014771
2974875190
2549677627
2679176775
2411265610
2689793632
1996947043
2106785402
2285567614
2752577165
2637758125
44629715
2592407264
2974351109
2630024985
2501312315
2572091195
2784821051
2224619349
2973695849
2514288498
2969239469
2736848829
2045837246
2583232480
2308505588
2940141567
1994850317
2803695649
2939748390
2101018667
2633564216
2802647097
2777743419
2627010635
2592931941
2006909031
2600796266
2023686260
160759925
2623209618
2135359640
2031288473
2215444644
2803564715
2287272130
2715746501
2322792655
2816016630
1999831296
2721382668
2711552282
2538275144
2214789474
2231828836
2580218231
2708537722
2986934657
2559246726
2113601958
2580611512
2129068477
2747072966
2117927433
2295136792
2789278278
2765161030
2157118029
2491089511
2133787301
2507866796
2643133111
2284389077
2683372331
2594505521
2691236671
2547712842
2974745430
322634594
2578252645
2243625865
2610103182
2893874103
2685600727
2257912796
2517697517
2964259881
2234582107
2283865183
2421359719
2655585384
2304181368
2945778821
2492400792
2906326174
2619278534
2222785739
943129807
2761098456
2492007645
2106000634
2200503546
2225538376
2583758174
2231174513
2267088272
2072446368
2592277950
2125661650
2971469268
2131428843
2166687243
2276001295
2938308120
2710504990
1609762344
2228815401
2111112748
2485454383
2564490805
2698839625
2902787664
2681669267
2223572683
2784036567
2973697754
2715617003
2783774474
1791428414
2901346128
2908161873
2406549338
2497644411
2654013331
2327250840
2719418267
2322925471
2146502562
1921189825
2781022189
2142832632
1944258558
1681983577
2310604924
2003110020
2726234250
2398685329
2116880532
2069039352
1124141314
2940143924
2339703110
2986674501
2165901655
2114259383
2666334665
2633042381
2614168028
2309294559
2494892523
2164591102
2114914819
2541554189
2309818904
2653620762
2620066348
2114128439
2770274876
2430667325
2166164099
2480474754
2400389765
2234452624
2714831509
2278099608
2303003347
2643397331
2974354173
2627144446
2763459329
2120420121
2908293914
2694646592
2222394186
3003321164
2645101413
1977813881
2283867074
196807621
2585070534
2903444427
2223836109
2411924431
2945911771
2159348707
2896890856
2163149823
2154761227
1604652045
2631994382
2897021970
71109688
2754153561
2475494496
2635926630
2636582033
2043481238
2795179193
2716273851
2941193427
2523335907
2641956146
2288192828
2976582979
2588085573
2311523705
2229341564
2693991812
2960723351
2985233816
257756589
2265779634
1704398272
2657422788
2519272913
2804092377
1966935564
2756251194
2982612539
2603683397
2895318620
13962866
665915010
2755989149
2417299107
2926513864
2102071018
2764377837
2475364081
2296450806
2690584316
2328170249
2106789657
2707361571
2163806024
2701201229
1743064929
2467630992
42405781
2117275555
2963083179
2420182960
2016481207
2688618424
2638155702
2117144521
2803830729
2989690842
2422411234
2737508322
204148730
2766082044
2783121402
2804748331
2780893246
2529366084
2590183499
2750091351
2147684456
2227114105
2107052166
2202341539
2980778149
2974224560
2789544132
2251362500
2229473485
226562267
2119110897
2801078534
2974224664
2502889794
2540900698
2761363833
2107576745
2487292359
2720207339
2292650493
2691240446
2681541129
2136412701
2266829344
2096566821
2470384166
2757038625
2588742221
2973569612
2564231786
2695959195
2083590832
2787971839
2888504068
2231309101
2109936434
2225935180
2183205720
2810385253
2185696110
2170360748
2698449850
2199589824
2010846158
2575111117
2222920672
2229998567
2160530418
2493322273
2064454692
2622821452
2054231148
2225149072
2712999071
2307331262
2797278438
2244809966
2152273173
2439714082
2682852701
2684818791
2515211623
2233144688
2781812091
246355329
2893092319
2690586084
2662667760
2146637358
2317030961
2511017533
2673677926
2937656963
2112951948
2244810403
2986284728
2327385787
2890733258
2877495040
2656638745
2805405483
2974226268
2973702005
2278102909
2549946238
2046891905
2668435350
2412713882
2230392739
2566592477
2313230303
1360599024
2223708157
2665683045
2827556973
2581928046
2155944047
2764904570
2103253160
2642221239
1945442504
2761627854
2222004461
2687179003
2527795457
2893355267
220535060
2436307242
2580093233
2336037178
2986809676
2225019217
2010323305
2744588651
2782599528
2969115006
2068781466
2922191258
2743933349
2983926207
2469730760
2423331310
2766084629
2226854429
2077301297
2728991322
2670402133
2335513182
2904758883
2974227071
2160138899
2575243936
2304318126
2230917818
1994070731
2974358221
2973047559
2685082441
1452219225
2642090844
2651396966
2131041151
2226330499
2098142111
1229003679
2527009708
2673286080
2798853062
2965445602
2248481766
2310740968
2111642613
2557549600
2635013213
2639207521
2746686562
2636192864
2059869292
2442861723
2949586071
2741836980
2663193785
2647989444
2079530177
2231442631
2010717420
2703432986
2113608994
2753895744
2253462881
2553748880
2575113619
2563710401
1833377248
2897419760
2527796754
436018736
2224758322
2698583619
2682854987
2972786266
2553618027
2643795573
2101812866
2663194275
2802523815
2522160814
2160533173
2643140286
2118459073
2782863055
2603032285
2766479084
2244419323
1211309840
2633834263
2401574724
2206539602
2555584338
2303532920
2230132607
2137595793
2811043734
2106400669
2029330384
2134843346
2281250781
2786664444
2710642705
456073283
2628067412
2973835350
2923896924
2975932511
2918522984
2585993323
1976639626
2225807504
2868060340
2126061750
2045583557
2973573331
2133270741
11084000
2776178923
2223972600
1215635729
2045190424
2981699863
2695831837
2709201217
2692030798
2777882974
2676957542
2305892734
2916295069
2111250866
1943478735
2496340433
2646417891
2060394986
2902925802
2279023115
2793742893
2280202813
2333024834
2226201172
2104697445
2230002288
2570265205
2689409660
2807243399
2514952845
2309694093
2503549589
2396332699
2624135852
2200249006
1941906125
2893750991
1534665436
628171527
2693341964
2896765711
2230264617
1964057389
2711692078
2309301054
2897552215
2129732470
2637898702
2198152199
2228954135
2149917731
2973967401
2802394182
2909348965
2890736771
2576032902
2410357932
2000495795
2898470095
2399741181
2652316948
2771854638
2737644873
2680497502
2680759646
1924998511
2151622019
2313627061
2497258939
114763222
2607228377
2481923563
2588878324
2904106550
2717197892
2898470475
2649826934
2973836920
2550081162
1991714473
2778670785
2974099137
2518755020
2514298577
2635409120
2107451118
2654283505
1468475124
2749310722
2653497090
2057774853
2106926902
2798593855
394340199
2119509863
2974754675
2701600627
2543134593
2888378245
2909874094
2782078911
2001545153
1986602954
194324481
2889427008
286599266
2683512939
2225809540
2223319180
2982881422
2266572944
1347496104
2577213613
2308647105
2406820032
2009671910
2810652903
2979735831
2146380097
2168924520
2096572792
2293836158
1945053639
2752195018
2973313540
2974493193
2757175859
2970561082
1988438616
2689280634
2486119039
2222009001
2105486013
286730962
2400529116
2955750111
2673945358
2439064351
2131438388
2012556085
2633575222
2330274621
2035886929
2567121754
2692557663
2144807779
1874144121
2285972346
2650352514
2645633930
2570136476
271133613
1965632431
2151492564
2225286113
2162109508
111094856
2754030668
2899520591
2512989281
2565942412
2517314702
2119773364
2036411592
2938973385
2803707099
2595957985
2422025466
2690460936
2562010378
2521771302
2725719350
2941070654
2230136153
2984324471
2523475326
2328046986
2679188873
2973576592
2770939292
1249586592
2946313640
2752458168
2644848057
2022387159
2575379946
2319396343
2642488838
2132880936
2991271469
2160930354
2060004915
2630692419
2107190884
2922455321
2134584993
2998742691
2952998604
2233675499
2689675031
2672635672
2434871076
2974756681
2547199825
2293837664
2612342641
2764517234
2765434755
1908223922
2007183283
2698981313
2395418592
2530291690
2206937069
2004561909
2227122197
2894278697
2024353843
2295672905
2653630539
2104832089
2803183721
66924659
2703044734
2783785086
2805674116
2395680907
2151231673
2892574908
2772775131
2646552826
2632921342
2404462878
2587308333
2677485880
2723230008
2222141773
2096574802
2784047446
2684301695
2946445712
362885530
2400661923
1936142769
2690855348
1553019320
2701865406
2399744452
2227909095
2230530536
2344694258
2293445127
2964140563
2288464406
2955751965
2323722795
2057384512
2709205572
2640786026
2503946910
2496869048
2623353568
2809082605
2493330184
2554934042
2964009760
2303800118
2603299646
2346267460
2662544198
2735027066
2515612552
2897163144
2112304071
2992190442
2939368438
2808951850
2224763970
2637116482
2593993793
2431595634
2338141309
2102080640
2800039065
2307339421
2647471269
2986816681
2398958773
2618504392
2669753564
2485597440
2641573129
2676700429
2906731845
2912761200
2226861460
2476946857
2564371902
2484680134
2800170462
2401449496
2546021934
699610716
2890741356
2431202929
2914727539
2104047275
2974889642
2908698324
2659530491
2697410345
2982229804
2579052374
2496083827
2684303224
2695313294
2639738780
2808297397
2950510575
2230007825
2440902678
2397124691
2687711334
2614048916
2564110488
2055813281
2890217636
2767403179
2679716044
2939500751
2984327413
2112960817
2810001725
2718120266
2560833884
2478651757
2635807099
2305767816
2810526116
2639346132
2041526793
2619423267
2139961918
2296330813
2093300347
2227255937
2083863190
2265791125
2510764697
2225945257
1988049604
2972138221
2304850691
2711173904
2620734249
2652715843
2661366610
2058042219
2759277445
2231450519
2579446686
2709601185
743127978
2974497709
2806987702
2568829884
2660842458
2642623489
2801876018
2684173418
2466069612
2097495174
2515090580
2189114527
2995338411
2107325616
2629909686
2303540410
2101820610
2891529429
1774795991
746274018
2624666872
2672246016
2095922451
1707294049
2937535858
2259107187
2336701816
1167408514
2100116873
2923117979
2573024669
2702392745
2108898735
257899985
2705800658
2692824534
2720742896
2344304133
2137341465
2971483682
290143790
2121350726
2902933067
2654158421
2526625378
2515615348
2551398011
2236694141
2937798286
2053324450
2989702825
2798730924
2228960968
2222145279
2401451793
2798862103
2144288559
2699640629
2222931778
2634760005
2617458587
2303934366
2111913890
2287288230
1987788746
2789162954
2133540834
2557427682
120274927
2981445629
2941468679
2754035728
2703179810
2304720965
2582200418
2302623852
2306293868
2696233089
2128560296
2626764968
2564374705
2113093825
210321617
2605400279
2025275628
2628075766
2892972297
2308260121
1998536987
2601599261
2532393259
2150056275
2974630233
2429895008
2654552445
2229485950
2628862347
2140881324
2938585544
2652062176
2588754457
2790605339
2986820130
2701083182
2489139760
2230403651
2662416966
2130264658
2294497896
2806202995
2366194299
2769502919
2195276523
2425701122
2664907530
2968601355
2616935180
2219918095
2232238864
2768323355
2613265202
2901754678
2139439948
1772569427
2657436499
2111914834
2620081039
2480096167
2963096518
2194621401
2583380976
2477081586
2892317746
1988445242
2108113980
2899133508
2631222365
2439464032
2668708964
2668577893
2231714927
2111784056
2559132824
2043495579
2674869416
227099837
2109949118
2067219659
2488091854
2066040027
1963672799
2968208640
2667529484
1160332615
2777105739
2646033758
2114274669
1977566575
2689025438
2680636848
2979087909
2920891969
1331906140
2685093478
2229487279
2282833607
2470921945
2649966315
2312062710
2516010770
2610382631
2605664058
2130134847
2974107464
2810922855
2018723690
2704492402
2042185638
2973845418
2433173425
2045986752
2763081672
2898610153
2312718321
2796505092
2705278988
2201831436
2659534924
2918139990
2552449148
2122270849
2716289176
2109032610
2760984748
2921023671
2716551362
2974894283
2025801980
2702526720
2513651969
2789820719
2405255509
2052147594
2922203578
2639219135
2195016142
2792180180
2133936615
2144946670
2314947055
2303937010
2585348629
2227128861
2985380394
2110605875
2974370370
2751154805
2229619390
2715634371
2633321157
2130135792
709446389
2442218266
2811317036
2286766910
2645642115
2338147214
2884717508
2955889604
2133019595
2410499055
2282966054
2230537254
2434354222
2302102586
2979482689
2145864770
2510376066
2983152783
2697022609
2579451057
2610777305
2563984609
2513784034
2912767220
2953923848
2063944977
2936753431
2299350317
2428063028
2801749301
2952875320
2226212172
2718518631
2985774450
2740145534
2664910217
2548256162
2765442478
2274184635
2192395711
631197164
2554809848
2400538137
2344177200
2282442299
1133071936
2695974487
2767933025
2851075620
2974895753
2698202788
133648086
2263043807
2230406883
2973454066
2974240524
2927841078
2781695806
2961526596
2711179085
2551271248
2550878081
2295156633
2162642917
2737131534
249384985
2689814575
2038911050
2991149141
2636861539
2593214568
2685751414
2313244789
2224115833
2687455372
2423345300
2913685717
784421105
2988658930
2890486015
2480361730
2590069038
2964672834
2125943109
2609336658
2966770007
2111394155
2490323333
2401980817
2280870294
2110607821
2965852627
2134331873
2140623348
2966770181
2099073570
2103398950
2123321898
2185187897
2576568897
2160415335
708661886
2143769225
1971671701
2332775066
2321109659
2641711780
2157138633
2310623954
2975159002
2222936800
2111918817
2310755095
2505003842
2600424277
2476561247
2923254669
2304332700
2576831410
2609337286
2134987760
2642891761
2951042039
2333168639
2230277130
2482590757
2304857129
2762822699
348738612
2470401078
2528990267
2970047580
2735821920
2124108903
2783794286
2224772222
1973113988
2131842209
2711442606
2534757560
1070945523
2609075472
2078627093
2167231788
2695451956
2336707906
2651411801
2481673580
2160809326
2413122934
2320455031
2120177041
2576176530
2671465879
2668975526
2645644740
2543801819
2549175783
2344179203
2952746524
2682607143
2942260787
2120701499
2099205696
2263569995
2708035177
2223068795
377050759
2687456914
2281526936
2736084645
2340116139
2805028545
2564249296
2092521194
2308921096
2250463007
2625328928
2975815463
2563200838
1679251287
2122274650
1987794784
2986563432
2275366787
2559924118
2125944729
2441303972
2532661190
2024757222
2442745838
2634504184
2517456898
2935969845
2986563646
2638043200
2106021954
2403162198
2120833139
2506971266
1966692483
2910148773
2974767278
2304727268
2141411568
134961401
2424264967
2987350280
2655607055
1978226960
2735298837
2208389443
2145868122
2689161570
2037340523
2370263406
2230147493
2973850034
2563594682
2900711879
2279823832
2605275659
2228312600
2685229618
2767149656
2140363369
2082822820
2572376814
2696239864
2395560704
49109793
2973981478
2729270074
2098944846
2098027364
2779077477
2103401318
2749586280
2974243688
2891930472
2145344361
2521127810
2531482526
2603834292
2603572150
2442877889
2142067654
2687589322
2667404236
2789694425
2566347738
2903595993
2425838588
2641845273
2345622643
2633456764
2629000345
2647481530
2096848087
2607111390
2510642425
2620742939
2645515548
2955631931
2224905535
2157010344
2806078919
2132762110
1772969484
2975555117
77553217
114908741
2508283469
2501074523
2105892501
2562285217
2921815713
2996526778
2900319962
2951044826
2715639566
2546163474
2584567600
2792316723
2462015298
2046779224
2776719209
2519555951
2564251523
2305777540
2166579087
2671599507
2985580795
2778161096
2135121894
2078105577
211640365
2160549938
1845059687
2086232199
2103271582
2807390392
2900058297
2131845309
2037342404
2226610417
2967691542
2984075559
2740543800
2574999872
2113364289
2250989894
2164744533
2053595484
2481676659
2531746187
2170773901
2398970259
2895471011
2981585318
901079473
2040226232
2030002654
2135253478
2939904503
2672910855
2671469064
2527814166
2739757600
2134729267
2413912687
2318361227
2560582301
2914738845
2718524065
2263573199
2797036259
2652332779
2155832045
2153603876
2802148159
2974769994
2793366382
2222285682
2230674362
2706203578
2974376914
347694043
2308006879
2583782368
2715509736
2974376958
1994482689
334062639
2974508079
2488493123
1995400286
2501600384
2566349998
2037081267
2506187977
2781832409
2974508295
2557043997
2706728251
2112578935
2303157628
2725471621
2606720420
2613536174
2279171516
2833343936
2157798858
2534499795
2648270310
2461885939
2167498233
2846189059
2761385494
2571855405
2434229809
2152293972
2007066196
2296080032
2133812920
2599773888
2306959050
2760992462
2051106521
2973460246
2496751383
2150721349
2428856159
2655086436
2666227560
2460837772
2403166105
2124113816
2908055502
2786813936
2694146076
2783143999
2932697158
2101438553
2104453228
2635819117
2966644893
2673305798
2799134943
2798610678
2405263621
2587060496
2746706201
2965596472
2144954686
2613012803
2686282063
2973854053
2101176710
2227661222
2901502382
2656397753
2535287270
2311023089
2642111007
2887477797
2227792458
2096196182
2098948711
2626513541
2232117899
2955504267
2518641366
2803329796
2730191621
2402642697
2779474705
2151639842
2259118886
2783275820
2963893055
2676583262
2898881380
2705156985
2703453053
2227268567
2394778587
2226875386
2921688061
2616159249
1992649787
1983212603
2610523214
2515496029
2699914338
2974903400
2901634155
2510384251
2198957180
2223598734
2659019938
2138139826
2344316085
2643422400
2974248139
2567007437
2678942934
2366205198
2743823636
2794417435
230124847
2229628209
2519428405
2988272989
2575658340
1061514599
2238934398
2330291636
13200877
141127158
2788781562
2057006613
1684499989
2223599142
2343136823
2147708483
2554424901
2974510700
2979229301
2163437210
2277076655
2652204724
2019913399
2437902056
2912775924
2721804032
2636345124
2973593391
2645389123
2289790816
2296737639
2751295341
2747494263
2549051294
2506321846
2161733576
2488233929
2144825329
2652729363
2552328212
2581032989
364605526
2233036887
2764664942
2196467856
2973593753
2549313696
2240770324
2745921813
2304209180
2099867945
2101834027
2765451589
2126737747
2623500628
2797039964
2113630588
2222289287
2661511560
2141680069
2303947205
2695066061
2793239000
2145219086
2974511631
2558620184
1978626590
2712891935
2230678047
2340385313
2716299816
2774364729
2800185953
2102096493
2973856395
2650632869
2281534138
2764403413
2502521575
2278650644
2503045921
250311478
1833268029
2499244879
2580902745
2889839494
2978051020
2551804908
2499900411
2229236736
492532743
2229892112
2987095075
2290709542
2478011512
2121495690
2897179814
2225304744
2310108404
2793764084
1968534778
2939516193
2804905274
2897835354
2349954409
250180982
2980148621
2049799651
2973726202
2100786685
2670294545
2679338574
2601612891
2749855360
2111534725
2369615514
2618128028
2711058078
2222028462
2640541380
213219047
2287564531
2631104255
258569981
2216916735
2306963230
2105243427
361330477
2642900784
99186491
2490595143
2885121894
2610001771
2029614966
2178250618
2161866640
2559932306
2004449172
2462021533
2680387496
2157541299
2645129139
2497279946
2495707084
2993256404
2716694489
2148759514
2566092770
2677635054
2428860436
1266382869
2117171237
2563864615
2567665736
2986047575
2762045559
2429909129
2268952714
2647095449
2551543969
2907535523
2707126438
2485221556
2121496790
2664397061
2538567951
2638313757
2112583984
2231204178
2171959647
2320464254
2169731465
2159376791
2577496490
2462808504
2497935800
2708961724
2285599168
2637527513
2107472370
2313255432
173505066
2026732087
2157017680
2166585939
2166585956
2715253364
1999731333
2773449359
2096855722
2232515295
2400811761
2781182716
2120841993
2798353184
2779872042
2104851258
1417378643
2688777056
2681830243
2662955890
2478668664
2936634252
2550889402
2495708105
2179693515
2789309395
2069068764
2493348876
2642377744
2229894166
2635955226
719944743
2784590904
2560851003
2764405836
2984868986
2230025360
310607030
2633202905
2968354036
2784722177
2113371399
2766634271
2626518331
2196602187
2662301034
280329586
2128444801
2661252484
2310634940
2563210685
2985131456
2663611908
2277473802
2974121527
2026208824
2670689856
2556657222
2796518987
2973859416
2947382892
2633858679
2689040037
1972207270
2718269107
2659286718
2297790143
2708307657
2323087052
2128707276
2594799317
2989194984
2551021303
2610659112
2677636911
2900328256
2780921669
2980413271
2463072116
2101706647
2113241002
2946203582
2164490234
2973859835
2108391442
2581561371
2283241509
2609872966
2798485622
2925232247
2762965122
2122809483
2125824143
2634121372
2286649501
2653388979
2565177555
2197651681
2766635232
2722595058
2138800370
884572429
2609086762
2806481213
2910945605
2491646278
2103804245
2560065884
2234745181
2705555811
2958393700
2100134256
2559279491
2327806339
2785902983
2793898382
2938864018
1783071134
2694939039
2624946614
2546827706
2547351995
2973729254
1987674604
2309456401
2507375171
2498724421
2149024332
2567930470
2724299405
2012185250
2799141549
2661122740
2519302845
2227143359
2903999178
2992472782
2652209873
2940175059
2274198245
2017690346
2974909207
2109047578
2461238054
2663482176
2633335639
2700444527
2627961717
2652472222
2157675446
2227536827
2296611797
2127528954
2604106751
2987754497
304972837
1968669736
2103018555
2230813760
2703852609
2102756439
2397668459
2129364079
1998423159
2964030593
2974647433
2166457530
360940734
2106557646
2374862052
2273674468
2508948712
2608432386
2643035395
2320467211
1967228206
2695464255
2111014210
2973336895
2530575680
362644823
2231600481
2988279141
2177074533
2974385546
2287437242
2166195657
2704508381
2594276858
2642642433
2230945288
2286782008
2518779469
1025738317
2224129628
2765588067
2156365424
2656274058
2511832731
2689566391
2565834464
2405009124
2720630513
2439743267
2607777578
2974385979
2712635277
2503575449
2148894627
259229605
2564130726
2973337537
2507900879
2227144668
2226358258
2685372412
2227406855
2165147689
2570422314
256870460
388597843
2766243924
2027391073
147949679
2638448778
2141030547
2092402896
2111277272
343378153
2620098809
2791147785
2158463273
2639890736
2227013970
2109311340
2230552981
2160822696
2962852273
2989853106
2641070564
2792065508
2886175216
2478279171
2673969674
2974386733
2763360837
2805959245
2659551888
2665319076
2122812071
2134477522
2640677623
2903345916
1714654001
2513406779
2584709949
44403545
2118880096
2966915944
2222033801
2139851666
2406976410
1157860272
2001963974
2272627671
2157808616
2282720232
2635172873
2579205134
294226961
144542755
2313260077
2157153352
2068679759
2903084129
2182450338
2779352228
2499382456
2533854393
2069990588
857836742
2436336855
2712898782
1971162366
2589560065
2679475465
2907540749
2683014429
2517470496
2642119980
2103151917
2287439165
2673577285
1002671445
2594016609
2225048945
2690485619
2896006547
2677640613
2709753269
2722336185
2810154433
2890239434
2950663651
2576846313
2255851036
1902611997
2670693926
2207485496
2974125662
2534772316
2630585963
2603454098
2405273257
2158202538
2618920640
2667155148
2935852777
2893647607
2222427920
2630324013
2018217777
2106298184
2973863792
2602798970
2106167183
2628751253
1231654806
2885652402
2942275516
2200276952
2008780773
2140770295
2974126089
1268617248
2888142908
2277216388
2130677897
2284163210
2038272140
2601226386
2747371693
2101448880
2438697138
2147586237
2654310602
1880985808
2617217252
2102366440
2171310326
2647101687
2107085060
2262798620
2763362600
2796786004
1760924030
2972422539
2954203535
2402783638
2692845994
2463601067
128815561
710906341
2309198329
2754843171
2162397733
2106036782
2804257354
2306314843
2338034277
2546569856
2670432907
2811466406
2685637304
2424279747
2572915397
2942276300
2223477460
2622722783
2579731170
1977193187
2789839591
2665059121
2600047468
2765460387
1994232748
2233832373
2629145587
2936116214
2096731127
2762576959
2228851807
2650379360
969643119
2672399521
2104202404
2063963314
2650510544
2127271150
2883818751
2289014031
2749338907
2098959653
2132645165
2577634602
2768213316
152933732
2330432892
2902431115
2576717215
2938869182
2501744087
2229769720
2307233286
2150077960
2489292308
2480772689
2894304851
2273154649
2670696037
2197788299
2973472409
738694815
2929563307
2161612461
2937820899
2669254405
59741970
2149553959
2786039597
2228328249
330929980
2899547964
2343933794
2264242031
2103154544
2416154496
2745145222
2603325321
2682492814
2514458515
2639763349
2227148708
2927335333
2023593937
2495715321
2139068439
2305398810
2988021792
2899417148
2699008073
2705561719
2909640828
2086639751
290953435
2777127141
2789972271
2293602621
2948700548
2687343019
2552469952
2706741701
2907019753
2636093945
2198575627
2151389796
2793118316
2081528443
2398329482
2627443345
2223610518
2987367111
2500434680
2962856708
2022284043
2990906126
2503711506
2266340158
2200673104
2227149655
2550242141
2975046520
2098305915
2115869565
2225838975
2936380317
1835768749
2709756851
2012716002
2578160706
2123734102
2648939640
2144574592
2922486912
2471468185
2147458248
2548014325
2563611896
1991351554
2940050716
2680003903
2697960772
2670042453
2955648356
2152701296
2109578637
1522769297
2397150617
2951847320
2088869282
2941885883
2508823999
2798755265
2552864219
2136710633
2468060650
2118622705
2326240774
2484706822
2758516285
910663234
2284822157
2196610704
2038144655
2147458717
2561121991
2485755605
2643435222
2239078117
2135531253
2681315086
2090704657
2577112851
2402918214
2751962953
2023202635
2974261069
2793906025
2892472203
2722733995
199860149
2227937213
2681708481
2561384394
2884870094
2306449376
2557583329
2776342506
2660081644
2665193506
2223611939
2667683905
2605949021
2975834208
2646843512
2661916804
209297573
2055708867
2980815053
2291245373
2786566465
2119934280
2495324490
2112201054
2305925485
2898764193
2774245798
2789974444
2613158335
2598478279
2434114016
1919001065
2617090551
2651300363
2567545373
1126408742
2291245616
2709758538
2679480938
2087953012
2643436180
2231345816
2121900715
2134745826
2494931708
2805834503
2200412947
2156336456
1902748462
1972347696
2992218953
2631902035
2658509734
2979373989
2148639731
2105648177
2975704160
2230428818
2495718606
2284954852
2903614695
2768217334
2798757130
2483528973
2135401743
2573968654
2557191491
2741347654
2552079702
2635441503
1775609198
2799150448
2324669820
2761008525
2658248109
2654315959
2501879225
2781193667
2658379220
2661393905
1993844281
2274338393
2434508397
2577245812
2004723331
2204477082
2135795380
2125964983
2275124949
2736760583
2144053031
2525734702
2550769456
2697307959
2643044153
2600576862
2223089510
2974918512
2125178759
2795480995
2407507880
2305533871
2115479472
2897455039
2144053205
2149689302
2529798107
123054043
2797316074
2138286084
2224400387
2675025953
2668079158
2784864333
2893785197
2310776957
413902978
290695358
2308286664
1966319818
2126358731
2089396440
2237901030
2128980208
1525393671
2104469848
2502142298
2515642773
1768008115
1979427281
2973739488
2942282233
2400168453
2252581388
2616961547
2580261399
2668735021
2601888302
2479073842
2617616958
2271062601
2171447907
2108795535
1996204753
2515380985
2310908668
2715134718
2146675461
2613422861
2561387287
2554178334
2967055138
2276043577
884452231
2973870988
2810555287
2424810423
2893786079
2556275694
2294524914
2131602500
2402659405
304589906
2762058873
2432674962
2996546721
2318249122
2138811574
2025827518
2700979391
2665852112
2140646607
2228858088
2576854253
2483268875
2061741347
2529144151
2479861089
2573577574
2102504823
2679877000
2122952089
2992745891
2624957869
2664410559
2106043851
2947132885
2482220502
2227154427
2586291735
2635181616
2661002818
2163846764
2774642283
2634788474
2252451453
2253762182
2505944757
2957487832
2428743407
2487463679
2224795397
2510663446
2920394542
2163715898
2620632913
2531766132
2312875961
2077077472
2638196787
2337648713
2659823703
2438967397
2146152553
2495983735
2495983748
2300948613
2426122372
2222698634
1727115441
2659037377
2289414338
2155720914
2116399330
2809007334
574075160
2128458011
61976935
677753238
2657071539
2612769222
2275521036
2795352599
2313794080
2686693948
2643964486
2899161669
2666771016
2914628169
2800333391
2668081782
2305143420
2612114054
2523771561
2186392260
2781590253
2553787142
2974528278
2605691670
2893656872
2279060278
2112467799
2123346786
2487989101
2655761265
2484056946
2027008890
2614735779
2615784352
2699932584
2579870641
2788930504
2630857710
2148643886
2803741746
2553263156
2157950032
2228204633
1864873055
2895492194
2891560042
2432545915
2106307709
2702423169
2104865927
389788811
2746594448
2567550125
2493101235
2250749107
2986194103
2770973897
2789848278
2222044386
2989470950
2246292712
2699408617
2021373174
2004464904
2666509589
2553918758
2238952754
1901180211
2649601397
2546447736
2963781000
2701899152
2230695321
2316416411
2705831341
2015606197
2525214172
2559423977
2420618724
2426779121
2945562158
2602415667
2678437433
2582099514
2988422733
1969993309
2729686633
2696787572
2088351368
2676078243
1989392040
2034218774
2597173043
2099099453
2489956162
2576070514
2593240946
2740041610
2275522443
3000350607
2096347038
2821044163
2231482318
2154411982
1841412060
2798893036
2696394763
2563487780
2602154022
2479208496
2693511221
2157951034
2706356288
2965747811
2341320813
2796009586
2091628668
2577643645
2678569111
2489694396
2689972424
2105522469
2900736293
108902696
2964306210
2575939882
2757081398
2909780284
2974923141
2708715916
2787490188
2723789206
2993666473
2240657884
2697050612
2974398981
104577545
2090318363
2482616879
2431892074
2809248370
2555230896
2974268092
2792602302
2563881667
2427960042
2974792451
2696133385
2310257429
2497035035
1932507930
2969418562
2133310301
2148121456
2052176763
2695084929
2717367174
2298198940
2702687139
2105392039
2428615606
2974530503
2474752985
2664283128
2789981263
2158345298
2745810019
2119154801
2139733108
2138029223
2044705966
2408299703
2635971778
2648554765
2542255403
2953035083
2227027290
2125053285
2580528574
2010889687
2296626666
2973351412
2509225471
2496904715
2963914256
2314190357
2910436902
2661137963
2974531126
2574106176
2703998584
2637151953
2650390232
625458904
2072362717
2343681759
2624569075
2062794529
2973482809
2098446142
2222047044
2097397581
2310127477
2237775785
2711732148
2635186109
2958409662
2654060520
2223620099
2227421223
2106834999
2269233222
2293481543
2973352010
2712256587
2643837006
2953429079
2059518046
2096742559
2497691815
2232139946
2226372787
2124398773
2902180033
2974793930
2552873177
2430845162
2970861826
2808070414
2109587764
2493235509
2133573946
1249100114
2179055991
2579612036
2719859085
2095169944
2678440348
2974663072
2693251511
2677391806
2235154893
2154152432
2783298034
2278539769
2057028105
2001715721
2336997952
2647245418
26854002
2799026810
2666381951
2226635440
2499396283
2555101886
2724053783
2688795438
2869412677
2146812760
2238038883
2276705131
2226111365
2613035928
2805187530
2659304422
2012595179
2225587235
2755118191
2086257789
2110637191
2223883410
2147337373
2714092736
2540815565
2311963853
2550908122
2499658968
2687485152
2026226922
2026882319
2626143509
2970993949
2682635568
2112996668
2121516355
2789328230
2156381574
2063320471
2772288919
2765997474
2007483815
2682766765
2128987618
2162017769
2071840250
2767177230
1977861648
2123613736
2502936125
275367501
2097530448
2283128443
1978123900
2170406528
2400568967
2920531610
2231355057
2141308648
2661664523
2630469389
2795095828
2671494952
2105526057
2119157574
2709636960
2305673078
2719336338
2441463717
2887239591
2084685774
2492712921
2611726309
2974402548
2951071760
2569783372
2685519955
2223360094
2673723532
2437007525
1997129896
2147993823
2304362724
2615134449
2974140663
2533214463
2628765988
1985071430
213502289
2657995099
2897856880
2744895869
2091764116
2054277533
2757872049
2143799743
2331101636
2952776136
2790377955
2594687490
2019805700
2136328755
2030422584
2192165436
645515861
2773207641
2142620272
2138294913
2924464779
2396375701
2235157144
2144979612
2554317492
2519583498
2161888031
2163460900
2133314350
2312489784
2972044122
2741357407
2979646307
2008927130
2253507488
2856176554
2635189180
2338704334
2037238752
2789329892
2568342505
2499136490
2423639028
2976369654
2033044496
2306329627
2607795256
2100939849
2988297321
2100022379
2633616534
2901396634
2629291185
2228604084
2155203781
2222443729
2588921056
2111425783
2598620411
2616577290
2216414495
2672545067
2149436721
1226427722
2973748561
2987380054
2077216104
2227162513
2974403999
2659962272
2720255445
2240138720
2073415139
2012204525
2370948594
2583809523
2986069541
2060308012
2686176825
2478820932
267767409
2559168115
2230177401
2159660688
2115620498
2631519911
2946748077
2730741450
2322976465
2225721046
2432028396
2197933842
2097270584
2401488702
2044972864
2089799537
2626277257
184012700
1975504813
2760495021
2137378748
2974797756
2555891648
2951335880
2164117560
2223624251
2888683595
2209337424
234082397
2314457207
2257703061
2277757089
2723664043
2898907332
1975374048
2101989607
2326515946
2011025660
2319831308
15323427
2111164752
2121519448
2226639210
2821706105
2599801216
2224673153
2129514893
2122437007
2712523157
2767573462
2608845272
2793263590
2977944053
2476986888
252695049
2661143058
2990789151
2284180010
2646987361
2754990710
2229916295
2667041415
189911702
2296500893
2422198947
2229392053
2944127693
2021380834
2973487855
1977340657
2976240377
324784891
2688668440
2483671832
2763641661
2500186961
2570965865
2608845677
2786317194
2431505294
2311705490
2205144057
2614744062
2227688454
2171458585
2281559093
2224280662
2230834356
419943608
2656031931
2694173901
2231489756
1967248624
2990789883
2662454526
2252854557
2743588174
2630342010
2678052244
2105529795
2507265492
2974799343
2537543192
2301875740
2974537258
2638599729
2251150927
2546849364
2744899190
2171590283
2222577295
2073286289
2082199203
2690111153
2901137075
2570704584
2566903508
2461652707
2225460984
2944784135
2196494093
301324049
2642269988
1909315366
2103695144
2099894059
2167396157
2974799687
2759710561
2310002550
2319439756
2942424990
2602686364
2244728753
2042615730
2045761458
2154026954
2891044812
2766526421
2600065006
2225461252
2127419407
2645678102
2519980105
2166085706
2098976878
2580273270
2762201216
2495731841
2808731814
2489440437
1990842587
2306463972
2897729815
2909788455
2647775536
2483935554
2685393242
2973882725
2780551558
2115754376
2797328815
2466765246
1463015911
2142493162
89119233
2751977997
2785139240
2311838274
2761022026
2315639411
2053233309
2974145217
2636634821
1928583879
2657213165
2744113905
2886851341
2158484238
2146949915
2340281127
2398346025
2307250991
2403195715
2279463753
2307382088
2025446230
2477251495
2461916078
2424429507
2673597392
2135284692
2228214747
1938283496
59104290
2697583663
2489310263
2743983164
2721963077
2012863585
2041699425
2194791531
2287852678
2777013384
2469125353
2321145072
2908085506
2417614082
2303974689
2225069369
2225855809
2899434823
2118507855
2680937812
2035932507
2134105448
1804459370
2634669440
2098060673
2052971921
2309217756
2923945494
2565725781
303554179
2637553309
1999888056
2904153786
2483281603
2665602795
2324815610
2776882949
2168315677
2156257056
2892226341
2936659846
2581454732
2900090781
392159165
2967986113
2791825403
2140004389
2603474987
2586435629
2643320888
376430654
2768625766
2136858739
2358370423
2766921853
1974198400
2500321417
2099110046
2002116769
2554585265
2508316858
2150228189
2423513336
2675564801
2223759640
2309611810
1753604390
233431342
2678055215
2502811962
2267406664
2699288908
2887770483
2225332636
2124013989
2410275235
2322588071
181395881
2662982103
2561139212
2674647581
2168054308
2682642981
2223235624
2807030375
2044453502
2607800982
2154947225
2614092437
91349660
2362303131
2423775922
2604524231
255976153
2496258829
2616451874
2810962724
2149180202
359129946
2304631643
2566251407
2979783570
2794840991
2990793643
279045062
1921639377
2115757028
2557862934
2714362909
2344608805
2612782123
2638996527
2505696307
2512905283
2892489799
2097931353
2322588777
2925257855
2694046847
2610685075
2974803108
2968904885
2126898383
2911364307
2702828761
2973492457
2629821702
2395858194
2885018912
2518541639
2344215898
2548688229
2712004007
2165958113
1194452460
2096621042
233825782
2151409173
2707940895
2287855144
1965155896
728753739
2613306956
2155865700
2146297444
2167400058
2552751738
2586044048
2887902887
2965366459
2678056659
2547508942
2022303501
2169497397
2025318222
1995302749
2789730158
2286544765
2228742017
2822891402
2665342903
2766399416
2947016651
2795235308
2583291938
2578049095
2311710807
2163468377
2720655451
2342905970
2405558401
2489706628
2122836112
2225203367
2197678319
2111039725
2611734770
1943660802
2506877201
2706630946
2698373421
2027809090
2726291839
2184833410
2575034777
2953963935
2181425573
2133191093
2521164220
2964711870
2283661799
2437016046
2518804977
2561141269
2114841123
2673863258
2721311326
2804017767
2973231726
2100161162
2598365838
2343168682
2689198767
2093214392
2407393980
2970348221
2099112720
2167008090
2627726182
2714364810
2274356115
2155080635
2666523587
2907565042
2704403465
2326129697
2797333544
2973887540
2285759541
2532568157
2404379756
2179853441
2476731524
2642537606
2162420878
2182343850
2606623919
2342907070
2101210305
2764041407
2185227472
1995828478
2955013381
2396908813
2305944893
2568875374
2594565559
2267016649
2118643154
2699947487
1969352182
2630872598
1991765531
2634935845
2922245682
2281696838
2229661263
2763648622
2581589615
2138959480
2170154628
2713054859
2303192723
2789600943
2793402051
2668621623
2083909483
2277633904
2955931533
2506747821
2811490230
2654597048
2781212603
2346971078
2137518061
2025320471
2105405498
2119954496
362541128
2236346454
2162684000
1969614957
2569924786
2460086455
2524836043
2800480465
2684481747
2613047552
2616062209
2233856267
2232021261
1828057360
2689724697
2973626667
2116415860
2276454780
2767974800
2287726999
1998713282
2898915810
2284843550
2900619847
2223764042
2220225143
2630611588
2068836999
2672816786
2991190678
2038166174
2066739895
2921067201
2979132104
2223633107
2548691678
2974675679
2983457517
2165043964
2972185340
2160587532
2706764591
2761159476
2793272119
1580987203
2686579556
2896556918
2974806935
1982198687
2765091751
2791568304
60421071
2254828503
132117478
2891969536
2515792904
2896688139
2668885014
1992553519
2906911819
2593125492
2686579830
2065691772
730854524
2676618383
2800350361
2509370537
1253438641
2973496548
2151150867
2224026958
2038560098
2771252593
2001597812
2475160972
2140665237
2723411358
2890528159
2002384289
2620913058
2646078917
2885154305
2228221442
2942301730
2344613412
2138830454
2707814056
2267936451
2232153827
2648700729
262010689
2231760712
2599679840
2944661380
2943219607
304084947
2019030995
2293233735
2226518091
2962880590
2224027762
2973235341
2973759639
2520643756
2799171776
2633234628
2113272011
111147255
2686974221
2746743071
2777413957
2484074826
2963667282
2921068909
2288515442
2549348744
1987180953
2973497776
2160196057
2111568359
2040920611
2910190134
1914174022
2425092693
1984428643
2287336045
2792487533
2139093626
2228877964
1981020826
2669148837
2016541350
2109340328
2033187529
2723805907
2611608341
2885417749
2980444987
2768370497
2150234959
2477783898
2227698524
2625895274
2692348778
2885155699
2708601723
2302802820
2703358861
2275933098
2695494577
2092825526
1994390469
2974546905
2243296235
2663775217
2612657164
2675571759
1964506172
2550135898
2552626266
2148793468
2022046845
255720610
2225994916
2022571193
2570190026
2667314388
2971008214
2564422890
2566126845
2281962822
2080636242
2234776918
2132671852
2153119085
2508717465
2107637147
2629959072
2042494368
2579103151
2005663202
2132278755
2604138003
1494744596
2078146100
1963851319
2127167057
2685402730
2222587501
2911239790
2129526396
2973892231
2101345999
2546990818
2591555327
2635857670
1994129162
2562981650
2441346841
1982594857
2420375338
2307784503
2123628345
2470707031
2939289462
2901540768
2683568039
2302934959
2113273791
2398879711
2159542257
