sixHopID
2973630505
2498756667
2125660220
2095808589
2162950250
2230255743
2012414087
2736914607
2162426052
2969993414
2025324758
2885910747
2463367431
2159706413
2690711861
2104951106
2155249991
2239857008
2020180349
2789278080
2989752703
1998881195
2786918838
2005631420
2431418839
2530247128
1977188828
2422931958
2551022121
13402761
2998305486
2495447764
2889450206
2125234923
2787738418
115082159
2664268749
2802418695
2792915997
2685699105
2431648809
2097841193
2194113598
2226750640
2162853075
2161706213
2174223629
2431059281
2973369720
2069005730
2420803012
2786592200
2670855631
2883683802
2996471284
974161413
2505967135
2766472748
1971750475
1996850794
2644674175
2555709055
2952824472
2985461433
2748778183
2785937123
2339637011
2805860125
2972682030
2806613813
2075559749
2301036364
2296285036
2963146658
2574780325
2808350635
2722924502
2652243952
2982447092
2574354466
2942339117
2122582096
2437548113
2642905201
2187200673
2672101542
2891614376
2737801390
2768537832
2967439614
2282359054
218794256
2337343777
2281933175
2340948351
2702608786
2887977365
2935916963
2055735733
178031099
2181335569
2512554572
1578306125
2227046998
2333248187
2113931963
2224032451
2163772114
2115701466
2630945509
2292452072
2615970571
2713684752
2109770537
2982841134
2231634739
2050165575
2974026577
2233862994
2645396324
2342521751
2588445608
2698841014
2311359434
2123697127
2167933941
2716404761
2768768068
2511244382
2560429183
2476084359
2896825516
708807855
2302872757
2068155583
2947222718
2488372476
1975061756
1998195974
2973830409
2804256055
2233077058
2499120451
2672987464
2963639731
2511637951
2543259075
78122472
2660339189
2059079208
2565017185
2113769107
2227572388
2438270638
2921434821
2109705937
2779614965
283905830
2599784249
2561544078
2395606972
2780663788
2555187239
1269665907
2581565572
2224591009
2235044002
2806616251
2562068669
2973667533
2026082536
2761953515
2529562928
1986367795
2102202715
2209354098
2253033889
2120258000
2191659477
1682215463
2805305953
2138542694
2150830693
2776109710
254153368
2225115805
2230555305
2109772468
2650608329
2028311266
2654212956
2069762932
2123535250
2121044889
2628129695
2685703094
2045416381
2575635413
2679346171
2573439996
2312672253
2110067743
2953548850
2549191785
2621052062
2511901895
2649920761
2017039616
1753486609
2494666006
2509346147
2303333850
2510591474
2567214579
2963871254
2973668893
2250937895
2517440069
2159089226
2513999457
2482280052
2968557214
2229343992
2968819469
2317555504
2279577416
2167347077
2911246228
2973243330
2443319284
2094536744
2485164109
2190121080
2974292128
2410911920
2559482063
2664208649
2483689800
141302115
2296060263
1911003505
2974390652
2973768107
2668763570
1958746563
2785581551
2627869177
2637961760
2223413804
2555189826
2597100213
2785778372
312843080
2279218000
2546965357
2623347576
2913082252
1487936417
2883296208
2618629091
2674727922
2222726139
2113182731
2951978020
1981455416
2998246525
2704645250
2690981021
2151390381
2699631819
2497551581
2248121591
2104564990
2921897231
2021924130
2083921196
2496339277
2790989136
2983435611
2982649182
2342919521
2762448226
2913967460
2789612922
2656116095
2134121868
2597756346
2603195845
3000311239
2089426383
2520292821
2698386924
2913246701
2154569321
2973507182
2209488497
2890440320
2128453254
2335383215
2595430076
2489327310
2885787362
2139332332
2996739821
2155945741
2648088339
2796691230
2538086191
2131861344
2667978721
2673811478
2800263205
2011701292
2070028409
2913771652
2645336224
1927028900
2805866662
2677186737
2759532771
2183864549
2074419495
2227249454
2149425470
2492113226
2589073807
2771231168
2989760962
21275080
2503188982
2909315584
2891653720
2912264819
2017665671
2647466647
2986746621
2477662971
2231509796
2113872678
2633868071
2431853356
2729386799
2962760567
2344461179
1013916586
2675909574
2890965975
2650481656
2110563392
2149721185
2638652551
2652480668
2099356836
1264985273
2230330580
2004657374
2974819645
2783618374
2281842039
2630854057
2777392556
2222433727
3001656816
2115413507
2659493411
2644518453
2974852689
426321574
2974066360
2628757180
2482513681
2973804377
2808850298
2055251859
2498013093
2868881324
2508990387
2972985315
2085791735
1524410388
2521212957
2096179262
2441947231
2704943220
2034378900
2430249115
2723948714
2397612222
2951489742
2581801177
2973804816
2077960497
2231904596
2985208207
2668079502
1922935197
2654218721
2002889194
2655169005
2479598075
2044373523
2693507630
2228628035
2951850568
2232494698
2637408908
2914298560
2303503067
2979375850
2922490619
2923047680
2713889577
2085202732
2572036918
2373462857
2584062808
2627120013
2144643985
2669292441
2678500257
2143300518
2555784120
2321460162
1968942022
2440342473
2926062564
2291215355
2673617925
2667293713
2622860343
2901453924
2973445312
2769759434
2149592303
408104214
2113252654
2615061843
1898425684
2477206876
2649042269
2973281741
2946772506
2475568712
2799021661
2225679992
2797710994
2973675169
354201273
2106404539
2559880903
2068950730
2800725756
2690985820
2228170597
2012360547
2169515903
2559520654
2576166807
2746199972
2973315002
2943135728
2572824566
2616864807
2315825245
2045489313
2403676359
2654712017
2358554849
2612441330
161558809
2119774519
2716119356
2469278019
2411180360
2142712186
2222633365
2296230309
2886119918
2627482108
2101326338
2967908872
2973512219
2484285981
2974528026
2629612075
2944053824
2123805268
2711171706
2564895360
2190193308
2101785252
2716087020
2708648688
1918055238
2315400028
2686301023
728904556
2641146758
2491790220
1986769826
2147234740
2798728146
2901554167
2691314686
2484679747
2305668201
2336666758
2275030182
2176496828
2991142080
2723296460
2380281062
2941269254
2306520377
2225223001
2764879225
2918561189
2672407994
1977202133
2224141807
2120168953
2620863995
2104800767
2000172555
2499687976
2041230898
2912204357
2696721995
2711696971
2509518476
2805216912
2798237370
2583279308
2057942734
170145498
2279945948
2986293045
2643900255
2141140883
2412541740
2619914135
2104113087
2128295920
2096085046
2970662985
2974529617
2655533137
2640591070
2723133799
2982295931
2518399393
2681649579
2682042813
2171943378
2335652307
2520234492
2148383272
2659859047
2022128278
2547727053
2912664284
2639149815
215399164
2058500879
2223880997
2171353966
2699312097
2927705062
2473999355
2093759507
2120596534
2772319323
2668149862
2796731512
2659237029
220282028
2148678884
2138619135
2901359951
2695970138
2325462388
2501688732
2789522856
2721562115
2804399649
2593046061
2771074625
2974826096
2689515122
2655469327
2649243417
2147696432
2675719990
2308259812
1992474624
2204221459
2477735971
2787459150
2704556138
2144616669
2742042895
2593407261
2720973111
2634662212
667599174
2150515017
2639610186
2656092503
2154742108
2230174149
2226143757
3001959012
2300428941
2694431374
2690826922
2802074311
2581021451
2616181526
229098342
2973483887
2095956877
2634564553
2990490585
2442740706
2980824083
2155463707
2665694240
2145895457
2105132156
2160018580
1499251868
2994422980
2694923462
2419213525
2692498663
2739455244
2904278297
2047558942
2666087721
2560869704
2270578023
2644591977
2891367804
2791687549
2589345152
2026456455
2132493741
2345321911
2973746676
2954741249
2901591644
2781988448
2294236831
2396997277
2548647616
2622736077
2108573414
282314493
2592392969
2465711887
2970404671
2342602564
2850637665
2226800488
2240464757
2891335592
2253178795
2320746455
2685782030
2979842066
2117781525
2946943011
2686208059
2302920767
2486880355
2650818667
2974173326
2396539027
2097236178
2287323347
2593409268
2124138760
2158315814
2033633599
2630273350
2508802471
2116340153
2961721808
2918632025
2231945822
2652228200
2773633709
2113915634
739986261
2131675992
2627881828
2324384619
2269268866
2696629180
2528168892
2976467934
2520173543
2072693736
2109852650
2709834737
2442251254
2311932929
2224016474
2973256832
2280639645
2564115621
2798931126
2807647477
2155859207
2714455311
2346470675
2781859120
2923842894
2181320017
2325826949
2645118382
2656357809
2311081430
2480786904
1965280744
2980040170
2201964033
2749058585
2977320484
2974731826
2100874803
2912177777
2304593604
2112900831
2973781730
2129809123
2237615888
2704199453
2620772157
2891763531
2309508940
2547175263
2251935587
2105266053
2912964499
2425442200
2001653711
2516537307
2278314086
2773471374
2791264434
1584582846
2686603494
2138132759
2945110296
2790707487
2536231205
2585055535
2528760134
2764919116
2073743700
2546061663
2164052342
2895991188
2328089024
2040484306
2700235281
2643218976
2576798254
2166575680
2973979203
2304397930
2133021311
2135413481
2123780876
2973946636
2056966938
294507314
2777174875
2304332638
2089014120
2766558103
2328384422
3002782687
2149471214
2434683891
2282640380
2050118679
2141475958
2723009705
2676413633
2135020777
2974569717
2527548685
2534233363
2222576916
2306692422
2096420203
2571687284
2003654012
2223789453
3001439670
2973750715
2690897372
2898941481
2636535352
2680313404
2654557816
2668320484
1979209446
2153207628
2111100766
2936559492
2944128909
2222053268
2679003048
30758831
2382452675
2765543369
2241386449
2971359188
2794412027
2984400900
2586335253
192305177
2983876744
320297097
2687260823
2710755485
2562906289
2227034310
2163595504
2536036634
2129647900
2044418378
2573130062
2765379927
2161465689
2692995444
2753780116
2630310295
2428262811
2947406236
2105596370
128178647
2925779429
2632178160
2024004112
2887801361
2439272986
2764921387
2604489286
2919651914
311253602
2104154734
2160614039
2754108059
2215369401
2694306491
2974177987
2909035270
2265373457
2011912978
2100353828
2638011203
2019318640
2971032475
2114739123
2755910589
2266946582
2718096466
2431310950
2667961462
2612616366
2893012174
2653510875
2716916960
2963758339
2058542432
2624806248
2028035434
2912607603
2715344293
2695486896
2150686154
2031312336
2140986834
2504646099
2337398288
2144394774
2955206200
2970377788
2673041016
2235719315
2293489338
1975410360
432037571
2632277701
2706366164
2287918815
2778029804
2144952046
283107090
2119556917
2495799119
2161499990
2641289088
2717966211
2786680756
2710495246
2998165526
2337923111
2769444906
2613665873
2901303381
2552324184
2432720993
2432360548
2575556742
149676205
2096554214
2520473831
1100636397
2344902895
2694701322
1920393507
2893111637
2512806248
2029543786
2950062453
1854955903
2985222572
2551308766
675963422
2963595837
2973917823
2658591398
1577837234
2974081716
2057396982
2080105223
2963694350
2714592018
2657805111
2491605819
2563498831
2479252310
2424562531
1973314479
2810831800
2161173510
2974082134
1979409513
2149639275
2576049303
2475812076
2079188254
2168579373
2991285561
2415814016
2563892615
2531157425
2645976517
2807588331
2895865323
2506810921
2102716012
2327996016
2233919131
2640897699
2137613988
2646664875
1509451454
2117953236
2397234907
2405230316
2792154863
2560124674
2142496515
2670880514
2564417287
2499864331
2764891991
2099963741
2665342851
2494916485
2966906776
2105862044
2250532773
2584864679
2225858489
2342774734
2973853659
2050484197
2159994862
2967234562
2056939532
10053650
2342021148
2643847244
2129881173
2111432797
2405689485
2919590063
226224312
2501929161
86174080
2111400321
2229168620
2754013680
2426268160
2149149204
2581654046
2901928600
2314234557
2648074985
2974509829
2099538696
1906633533
2883939144
2656856957
330230654
2988141440
2129259408
235006883
1921575850
2512907192
2650139581
2065132483
2907630533
2802838493
2990959587
2636147722
2647518230
2619436074
2951441464
2169302096
2610228318
2160323690
2530962563
2588077212
1965321452
2719477002
2597285263
2090036673
2137189861
2694704632
2952883772
2719542849
2691886661
2463919735
2938465945
2169368241
2802052794
2786750181
2099703529
2712530727
2333044532
2160258873
2085777225
2575331152
2154491767
2893508473
2421518203
2891771770
2544201602
2461101955
1995370401
2643783672
2707451951
2631594080
2296082577
2628153488
2282746010
2489872556
2049503464
2472603911
2045342017
2128212348
2985357713
2132341189
2279928298
2693329395
2973692480
2021847647
2789700325
2405626609
355234562
2224157463
2620453681
2233398074
2405790571
2510517109
2094822292
2798121876
2223600553
2171040760
2115499002
2140206078
2731373572
2225140758
2972349469
2734388258
2144793652
2118546512
2650240112
2015327365
2972906661
2112484524
2550330542
2308306106
2791273667
2087711941
2556556492
2595615952
2562323667
2102031596
2803102967
2274915681
2704307638
2189850044
2841441735
2154329546
2973955560
2436822518
2444555768
2153117276
1973188206
2728523382
2195682962
2107766430
587429545
2633332402
2939778743
2990077657
2668328750
2225764179
2618718036
258504531
2886858615
2900981664
2689005483
2888890287
2912057280
2528868293
1987508188
2345138159
2539943919
2228910089
2570942561
27195535
2549610701
2627762435
2461530397
2129918434
2053798372
2890201597
2316433930
2773973541
1738046010
2808019545
2921331302
2080897678
2623601334
2722462396
2558917314
2805824218
2226584301
2941942509
2299853562
2612099856
2285501288
2973268923
2536897489
2097216471
2321611781
2921004050
2169666587
2894003227
2640411697
2612034609
2583067728
2636971089
2998697041
2293103712
2609118333
2692644075
2559671540
2614983957
2492398891
2425027903
2571500950
2044067281
2711289300
2534637022
2681044474
2258566673
2711748115
2150596200
2429910679
2167439091
2652569345
2941058825
2752282388
2925100828
2319875886
2502262628
2129919869
2280816518
2150236147
