sevenHopID
2977136707
2652995669
2566062195
2645680289
2141249700
1989476523
2805285069
2649792737
2103902558
1966580062
2087723519
2493194829
2714878553
2058396388
2918376189
2646967091
2958066542
2336392061
2481021915
1945691204
147645515
2494145624
1267532952
2225448159
2660771109
2768684335
2499593530
692135232
2892817772
2239735207
2788001194
2219058644
1980777970
2629518901
2996176452
2419861119
2787272339
2523711180
2802263931
2599421945
1508706318
2155669527
2910816302
2670553138
2972051565
2607786107
2983217335
2912839869
2559658271
2812299612
2962737582
2102938117
2254924350
2630560347
2902870717
2031553255
2032806641
2604690209
1999670070
2666752838
146312013
221113178
2664713074
2243980171
2700200863
2127924154
2520861640
2597055477
2093927509
2232659040
2903133418
2787552553
2435575146
2515512735
2972741030
2270776766
2228211375
2569080502
2960281283
2032963292
2331963132
2224467748
2698063695
2170105715
2551451620
174329893
2226155571
2940031163
2665017569
2276495607
1245860164
2468917573
2644824394
2809876853
2714005879
96186925
2571203117
2690372147
2766901836
2496230000
2573578873
2235314843
1938395819
388993716
2973569754
2762953450
2154287872
2973545368
2625819554
2516997086
2800751596
2679559163
2786104344
2565329984
2335061103
2973611119
2295420150
2616128768
2614908185
335664410
2309903722
2185360747
2287940985
2096027097
2683401707
2085344754
2172270120
2037126762
2525894296
2098853589
2662479604
2739517313
2974136212
2714384282
2942269353
2035414995
2759407603
2682886188
2671245391
2927745111
2162735235
1633056932
129636563
2169919718
1907169518
2122234103
2148792633
2762185020
2094807389
2997844322
2481674643
2643556770
2757392836
2985105861
2276497863
2885114340
2577955304
2423937539
2798729752
2956368495
2191751887
2593487592
2799057649
2913802996
2315615041
2573482847
2096937848
2473008033
2069986212
1922931626
2600811442
2515540923
2685385740
2746113136
2343591067
2958367918
1968250231
2566225354
2068119002
2707160646
2652495444
2939182813
2766208763
2718342939
2482978661
2488434542
2656157563
2662514562
2491113357
2153709481
2243035052
2125160385
758456288
2952273894
2785517557
2102149111
