2114973795	2	6	54	1	BR
2064822616	21	203	2054	1	BR
2071216566	12	58	579	1	BR
2611085587	4	13	33	2	BR
2113274185	1	2	2	2	BR
2137032384	6	29	100	2	BR
2123040528	9	83	336	2	BR
1974373583	14	32	1369	2	BR
2149158390	4	5	120	2	BR
2463797711	2	6	7	2	BR
1855689567	8	18	190	2	BR
2154992545	7	10	309	2	BR
2476872699	2	4	185	2	BR
1250333697	2	9	12	2	BR
2639696950	0	1	0	2	BR
2974455025	3	17	25	2	BR
2127992466	1	1	2	2	BR
2110921275	2	5	45	2	BR
2107317598	14	64	675	2	BR
2228559627	1	1	3	2	BR
2088543067	24	182	2507	2	BR
27928403	14	117	729	2	BR
2145168834	11	78	544	2	BR
2479567005	2	3	20	2	BR
80065764	4	7	53	2	BR
1917629880	9	33	208	2	BR
2235020880	1	1	3	2	BR
2132719531	17	68	854	2	BR
2152086064	9	45	348	2	BR
2991602326	4	5	25	2	BR
2144254662	2	3	13	2	BR
2107390936	2	2	128	2	BR
2298855637	2	8	9	2	BR
2321924941	3	7	81	2	BR
2686305946	13	43	458	2	BR
2915649765	3	4	11	2	BR
128698828	20	231	2015	2	BR
2171914995	12	96	579	2	BR
2106084612	12	78	500	2	BR
2147372623	9	73	349	2	BR
2117391144	1	5	3	2	BR
2182731144	27	308	3394	2	BR
2228935949	3	5	185	2	BR
2051464714	11	126	553	2	BR
1691279138	22	102	1958	2	BR
2136170849	11	24	550	2	BR
2141579636	9	53	234	2	BR
2230249881	3	5	30	2	BR
258599510	14	60	1045	2	BR
2171759247	6	9	116	2	BR
2134764682	2	5	18	2	BR
2798120714	8	44	225	2	BR
2169434849	20	156	4044	2	BR
1994093999	1	1	1	2	BR
2128115238	11	42	332	2	BR
2494003755	5	7	85	2	BR
2138110664	12	67	541	2	BR
2280848851	10	85	355	2	BR
1996488890	20	125	1219	3	BR
2336096599	2	2	8	3	BR
2322727299	1	3	2	3	BR
2093089751	3	4	11	3	BR
2098857009	7	25	118	3	BR
2116158556	5	6	61	3	BR
2126382851	6	13	103	3	BR
2096761015	2	3	16	3	BR
2153908481	10	16	681	3	BR
2231503768	6	8	81	3	BR
2136214650	2	10	5	3	BR
2970619027	0	1	0	3	BR
2097679769	3	10	71	3	BR
2312507023	2	7	15	3	BR
723259064	3	4	43	3	BR
2157580072	1	2	29	3	BR
2202014030	6	30	113	3	BR
2114458016	3	6	15	3	BR
2571506128	12	46	855	3	BR
116527653	5	8	58	3	BR
2110919281	1	2	4	3	BR
2640057353	1	1	16	3	BR
2483819801	3	5	32	3	BR
2643859077	1	2	3	3	BR
2132809534	5	10	70	3	BR
2171869608	3	4	23	3	BR
2225216147	1	2	5	3	BR
2012617867	6	46	187	3	BR
2973899931	1	1	4	3	BR
1574576123	10	57	304	3	BR
2499026976	1	1	22	3	BR
2532319658	1	1	2	3	BR
2700878469	1	1	6	3	BR
2584224529	1	3	3	3	BR
1925456680	9	51	268	3	BR
2344493947	6	14	130	3	BR
2015896637	3	7	106	3	BR
2571904248	3	8	16	3	BR
2344363990	12	58	491	3	BR
1935288533	14	64	589	3	BR
287058168	4	9	36	3	BR
2224826808	1	1	3	3	BR
2595498881	1	3	5	3	BR
2102275181	3	8	62	3	BR
2128227474	7	95	243	3	BR
1517431967	1	1	14	3	BR
2580425902	14	89	788	3	BR
2304126185	4	8	48	3	BR
2148412796	11	57	412	3	BR
2709270052	1	1	8	3	BR
2105290287	2	2	54	3	BR
2068197639	11	32	360	3	BR
2122068250	5	18	126	3	BR
2224042354	2	4	13	3	BR
2657890790	1	2	1	3	BR
2222209272	0	2	0	3	BR
2767207043	1	3	2	3	BR
2379496135	1	5	5	3	BR
1883782730	13	42	680	3	BR
2107129820	1	1	5	3	BR
2504802465	1	1	3	3	BR
2751218136	0	1	0	3	BR
681198521	18	120	908	3	BR
2612414305	0	1	0	3	BR
97012439	24	179	2134	3	BR
307907303	1	1	4	3	BR
74205977	19	141	1439	3	BR
2974829534	1	1	5	3	BR
2164805159	5	39	96	3	BR
2169130837	7	43	124	3	BR
2149339036	18	68	1175	3	BR
2401783834	2	6	7	3	BR
2899202431	1	1	1	3	BR
2172146276	4	22	51	3	BR
2620937752	1	1	2	3	BR
2100584336	6	28	496	3	BR
2215141591	4	23	36	3	BR
2271502797	3	3	40	3	BR
2430755464	20	77	1809	3	BR
2333631188	7	47	257	3	BR
2223006756	3	7	17	3	BR
2579785372	16	82	1222	3	BR
2145150846	2	10	28	3	BR
2535876789	4	4	20	3	BR
1067215130	1	4	23	3	BR
2229824143	1	3	2	3	BR
2490264553	9	13	283	3	BR
1259760956	3	4	18	3	BR
2346085738	3	8	26	3	BR
2312924562	1	4	1	3	BR
1994944111	3	6	140	3	BR
2226286517	5	9	61	3	BR
2142793712	1	3	3	3	BR
2972217791	3	4	28	3	BR
2098229897	2	4	9	3	BR
388133852	7	20	207	3	BR
2973267981	1	1	4	3	BR
2304014468	3	5	14	3	BR
2557638911	3	5	11	3	BR
2464316225	11	39	382	3	BR
2974186446	1	1	3	3	BR
2226289644	1	1	1	3	BR
2122087905	10	16	307	3	BR
2567994870	7	12	203	3	BR
2145418865	10	22	313	3	BR
2164948705	5	10	61	3	BR
2317778683	2	4	23	3	BR
2124709715	5	18	142	3	BR
2102558550	10	59	394	3	BR
2631303035	1	1	4	3	BR
2419753475	1	1	3	3	BR
2163376787	2	3	9	3	BR
2299954733	1	3	3	3	BR
2923464808	1	1	6	3	BR
2098628969	8	29	200	3	BR
2296941662	4	8	140	3	BR
2178322147	2	2	14	3	BR
2492501819	1	3	16	3	BR
2988216227	1	1	28	3	BR
2281214489	3	9	27	3	BR
1182307437	3	6	20	3	BR
2032702611	7	54	204	3	BR
2584384749	4	8	25	3	BR
2159973688	7	17	105	3	BR
2675873176	1	1	6	3	BR
2169673532	2	3	15	3	BR
2099419001	15	75	1083	3	BR
2346358864	1	1	2	3	BR
2343213226	1	3	3	3	BR
2986777571	1	1	2	3	BR
2146869133	2	4	8	3	BR
2224726634	1	1	4	3	BR
2324865643	1	1	14	3	BR
2061411762	0	2	0	3	BR
2228266592	1	3	2	3	BR
2428020383	5	23	104	3	BR
2158143463	2	13	30	3	BR
2078584032	6	20	92	3	BR
2231938905	4	10	32	3	BR
2098638684	6	19	182	3	BR
1830466084	6	33	112	3	BR
2147005770	9	54	248	3	BR
308327797	8	51	232	3	BR
2582952367	0	1	0	3	BR
2087893537	5	10	50	3	BR
2177940576	18	56	1190	3	BR
2310061340	2	4	73	3	BR
2097331638	1	1	6	3	BR
2176499509	1	1	2	3	BR
2143600936	5	11	60	3	BR
2296824336	4	9	91	3	BR
2470626183	3	11	15	3	BR
2268251460	3	4	20	3	BR
2231552320	3	6	25	3	BR
2302331292	4	18	67	3	BR
29674492	6	13	73	3	BR
2424360249	0	2	0	3	BR
677694904	7	75	231	3	BR
2067714272	2	4	38	3	BR
2796999173	1	1	2	3	BR
2316358547	3	3	13	3	BR
952161244	5	21	68	3	BR
2338509997	6	9	63	3	BR
2223166846	9	82	298	3	BR
2108872338	4	13	210	3	BR
2031409067	2	4	7	3	BR
2511001671	0	1	0	3	BR
2225002578	0	3	0	3	BR
2010437800	4	9	44	3	BR
2222643512	13	43	1005	3	BR
2570640058	1	1	4	3	BR
2107563193	1	1	8	3	BR
2225134936	8	40	245	3	BR
2517556864	2	9	18	3	BR
2231820156	1	1	2	3	BR
2084627052	5	13	51	3	BR
1732436881	6	12	99	3	BR
2761484261	1	3	22	3	BR
2161961020	7	38	150	3	BR
2148854000	2	7	8	3	BR
2287135063	1	1	8	3	BR
2652170672	1	1	6	3	BR
2020665844	10	17	300	3	BR
2966088439	1	3	4	3	BR
2286873519	2	7	17	3	BR
2973559757	1	1	1	3	BR
2137714687	9	37	261	3	BR
2133914293	1	1	1	3	BR
2226057968	2	3	14	3	BR
2501440429	4	9	49	3	BR
2756113624	1	1	2	3	BR
2139157884	7	40	177	3	BR
1975973845	6	9	81	3	BR
2344286221	1	3	8	3	BR
2233137199	3	10	19	3	BR
2133129399	17	68	771	3	BR
2699230536	3	3	76	3	BR
2322792061	3	4	22	3	BR
2646933169	1	2	2	3	BR
2162753248	2	3	13	3	BR
1988034401	16	71	690	3	BR
2580087011	2	5	18	3	BR
2166555088	8	23	343	3	BR
126682076	17	59	1484	3	BR
2974221409	1	1	3	3	BR
2245461725	1	2	3	3	BR
2111112998	3	7	21	3	BR
2494892217	4	12	93	3	BR
2007959990	8	29	166	3	BR
2128808790	3	4	43	3	BR
2104560686	3	3	183	3	BR
2550730095	1	1	2	3	BR
2423328244	6	16	176	3	BR
2974879946	1	1	3	3	BR
2532381373	1	1	5	3	BR
2157384669	4	20	56	3	BR
2563839225	1	2	2	3	BR
2314279116	2	2	101	3	BR
2092636441	2	5	43	3	BR
2917210487	8	19	250	3	BR
2332891566	2	2	5	3	BR
2044008908	1	3	3	3	BR
2974751590	0	1	0	3	BR
1970609124	6	22	89	3	BR
2229607557	1	1	8	3	BR
2491751611	1	2	3	3	BR
230105222	2	2	35	3	BR
2762940633	1	2	4	3	BR
2162762263	4	7	24	3	BR
2604212860	2	6	9	3	BR
2124620420	6	21	117	3	BR
2588615337	10	28	4804	3	BR
2230657931	2	2	66	3	BR
2207851585	1	1	6	3	BR
2465801671	3	7	22	3	BR
2097489351	3	21	20	3	BR
2308123024	2	4	13	3	BR
2278632030	1	1	5	3	BR
2973576515	1	1	1	3	BR
2156868054	7	31	203	3	BR
2032218748	5	14	131	3	BR
633549775	3	5	28	3	BR
344405325	9	41	388	3	BR
2797548899	4	26	50	3	BR
2754688354	1	2	3	3	BR
2561750680	4	7	127	3	BR
2227124097	11	46	286	3	BR
1966422123	6	18	73	3	BR
2232106165	5	10	213	3	BR
2308259767	3	4	16	3	BR
2155692857	13	73	663	3	BR
2619425616	1	1	20	3	BR
2427012325	1	3	2	3	BR
2079672005	0	1	0	3	BR
2070235046	7	21	194	3	BR
2688894891	1	1	7	3	BR
2306034325	13	16	728	3	BR
110578398	7	33	146	3	BR
2230143877	2	6	10	3	BR
2168802510	3	6	18	3	BR
1941130601	16	128	994	3	BR
2719960634	1	1	4	3	BR
2712883250	1	1	8	3	BR
2613399927	2	3	126	3	BR
2253869775	1	4	1	3	BR
1183011549	11	42	366	3	BR
2227131501	0	1	0	3	BR
2294240616	4	29	57	3	BR
2438158438	1	4	6	3	BR
2146656369	10	18	271	3	BR
2104189417	6	23	209	3	BR
2223989460	3	10	76	3	BR
2794545881	0	2	0	3	BR
2232248660	1	1	2	3	BR
2133682840	5	13	74	3	BR
2075618137	3	6	45	3	BR
1975217225	2	3	14	3	BR
2096853285	5	22	146	3	BR
2065920645	7	32	118	3	BR
2105111397	2	4	14	3	BR
2168419988	13	61	566	3	BR
2161211598	5	18	84	3	BR
1979808040	8	36	166	3	BR
2229762916	3	8	27	3	BR
2029222808	9	56	256	3	BR
2536733788	1	2	2	3	BR
1026784596	11	44	341	3	BR
2187427419	3	15	74	3	BR
2089254527	18	103	944	3	BR
2308144796	5	12	54	3	BR
2786819928	1	1	3	3	BR
2231730332	0	1	0	3	BR
2135261343	7	15	147	3	BR
2243002552	3	3	13	3	BR
2054128720	6	34	243	3	BR
2165016165	4	11	45	3	BR
2100660350	2	3	34	3	BR
1818462366	12	65	498	3	BR
2163181840	9	51	246	3	BR
1976666824	31	123	5524	3	BR
1964084752	4	11	39	3	BR
2910687314	1	3	6	3	BR
2401735422	10	36	256	3	BR
2616694046	1	1	1	3	BR
2885653832	0	1	0	3	BR
2984482379	2	2	28	3	BR
2140379218	5	30	282	3	BR
2281413347	2	3	7	3	BR
2430442547	1	1	8	3	BR
2105646292	6	11	80	3	BR
2798230743	1	1	2	3	BR
2141560164	10	99	458	3	BR
2141429195	9	12	229	3	BR
2058460671	3	9	57	3	BR
2115083859	2	2	26	3	BR
2227674774	5	20	71	3	BR
2424807256	5	18	100	3	BR
2097259010	1	3	7	3	BR
2902827817	0	4	0	3	BR
2006557511	3	5	13	3	BR
2719196254	1	1	3	3	BR
2222171380	2	2	15	3	BR
2915673453	2	2	26	3	BR
2430576392	2	4	23	3	BR
2105517906	3	14	21	3	BR
2974787745	0	1	0	3	BR
2097916678	11	47	726	3	BR
2421665349	1	2	1	3	BR
2156114109	6	45	261	3	BR
2132128342	6	10	123	3	BR
2115744916	3	5	24	3	BR
2059384555	5	41	249	3	BR
2092283688	18	121	1854	3	BR
2230433641	2	2	11	3	BR
2124658602	13	94	672	3	BR
2761144298	1	2	7	3	BR
2861021473	1	2	3	3	BR
2667035442	28	148	2671	3	BR
2338044755	1	1	6	3	BR
2225978952	3	3	13	3	BR
2169356058	15	119	717	3	BR
2779365235	2	6	16	3	BR
2120204504	12	50	717	3	BR
2226241864	1	1	1	3	BR
2608316933	2	6	10	3	BR
2786444380	1	1	8	3	BR
1965016270	2	5	14	3	BR
2522727907	0	1	0	3	BR
2670708489	1	1	1	3	BR
2911618903	1	2	2	3	BR
2225982113	1	1	4	3	BR
2222181498	3	3	20	3	BR
2163068067	1	3	2	3	BR
2567556432	1	1	2	3	BR
2683555805	1	1	3	3	BR
2467287236	11	48	518	3	BR
2665074966	1	1	3	3	BR
2307903953	5	6	54	3	BR
2294797006	14	40	1179	3	BR
2230048091	3	4	14	3	BR
2019808693	1	2	1	3	BR
2158745046	1	3	2	3	BR
2709640782	1	1	4	3	BR
2119554816	4	6	57	3	BR
2938100103	2	6	12	3	BR
2328092904	18	52	1338	3	BR
1969219518	4	6	39	3	BR
2248402959	1	1	17	3	BR
2384718139	1	3	5	3	BR
2144332173	1	2	8	3	BR
2568219908	1	2	8	3	BR
2714496857	3	5	17	3	BR
2396385301	8	23	122	3	BR
2974413134	1	1	23	3	BR
2706371311	1	1	2	3	BR
2250896777	9	39	259	3	BR
112195189	7	42	169	3	BR
2620913312	1	2	6	3	BR
2303064056	17	84	855	3	BR
2164128324	0	2	0	3	BR
2148924110	1	5	5	3	BR
2376727817	3	13	24	3	BR
2121792788	8	24	158	3	BR
2801270152	0	3	0	3	BR
2346450412	11	60	429	3	BR
2966683759	2	2	61	4	BR
2935750857	1	1	4	4	BR
2130182487	1	3	1	4	BR
2521826406	1	1	6	4	BR
2885682339	1	3	6	4	BR
2973763679	1	1	3	4	BR
2113144999	0	2	0	4	BR
2231896383	6	12	481	4	BR
2110786609	2	2	8	4	BR
2791313134	0	1	0	4	BR
2280132409	1	1	12	4	BR
2305299165	0	1	0	4	BR
2110002066	1	2	2	4	BR
2092176320	2	4	4	4	BR
2434536624	2	2	8	4	BR
2305037520	6	16	72	4	BR
2060457177	2	3	6	4	BR
2166363565	3	6	30	4	BR
2969572900	0	1	0	4	BR
2792363883	1	1	14	4	BR
2140937356	2	2	4	4	BR
2150375107	2	3	14	4	BR
2112103194	1	1	11	4	BR
2229544705	1	1	1	4	BR
2230594094	2	4	46	4	BR
1571826534	2	3	4	4	BR
2167942063	1	4	4	4	BR
2697735777	1	2	1	4	BR
2697473671	0	1	0	4	BR
2085891805	1	1	3	4	BR
2435067635	3	9	85	4	BR
2228236064	2	2	48	4	BR
2974036107	0	2	0	4	BR
2525770006	1	1	11	4	BR
2336764560	0	1	0	4	BR
2223256451	1	1	7	4	BR
2518955088	1	1	1	4	BR
2106078532	1	1	1	4	BR
2149332607	3	6	20	4	BR
2229810854	1	2	7	4	BR
2127050567	1	1	5	4	BR
2230335881	3	11	25	4	BR
2891463092	1	2	1	4	BR
2591570709	0	1	0	4	BR
2747284268	3	7	33	4	BR
2308717392	2	3	80	4	BR
2109750634	2	9	8	4	BR
198196939	4	4	90	4	BR
2222997493	1	1	5	4	BR
2681749557	4	18	99	4	BR
2955166378	0	1	0	4	BR
2225881809	1	1	4	4	BR
2226930494	1	1	4	4	BR
2252358784	2	2	9	4	BR
2227717569	4	6	49	4	BR
2432714607	1	6	8	4	BR
2977974750	0	1	0	4	BR
2945469109	0	1	0	4	BR
2561690568	1	1	3	4	BR
2202816629	2	3	18	4	BR
2332578923	3	10	32	4	BR
2549372606	1	1	3	4	BR
2222479225	1	1	4	4	BR
2438224519	6	18	173	4	BR
2542558081	0	1	0	4	BR
2551995361	1	1	1	4	BR
2653707644	2	2	240	4	BR
2513723586	1	1	4	4	BR
2228248886	1	2	2	4	BR
2012766525	3	7	18	4	BR
2034786766	1	1	4	4	BR
2288542314	1	1	11	4	BR
2302698403	3	4	10	4	BR
2689360889	1	2	7	4	BR
2227725481	1	1	1	4	BR
2139645261	1	4	4	4	BR
2130994739	1	4	4	4	BR
2115004677	2	2	13	4	BR
2223270468	2	2	7	4	BR
2679139870	1	2	8	4	BR
2311351888	5	24	73	4	BR
2973266327	1	1	29	4	BR
2226418422	1	1	4	4	BR
2441376587	0	1	0	4	BR
2922935478	1	1	3	4	BR
2423027246	1	1	5	4	BR
2629334683	2	2	11	4	BR
2974055334	1	2	5	4	BR
2405727352	1	1	2	4	BR
2305326458	3	3	17	4	BR
2686746384	1	2	5	4	BR
2566946736	1	1	2	4	BR
2232451724	1	1	3	4	BR
2398127083	5	14	65	4	BR
2522121902	1	8	4	4	BR
2713224957	1	2	3	4	BR
2103216401	2	2	9	4	BR
2676525580	1	1	3	4	BR
2251590570	2	3	8	4	BR
2172161876	2	4	10	4	BR
2306117529	1	2	4	4	BR
2250018840	1	2	41	4	BR
2158531000	4	17	52	4	BR
2581893637	1	3	1	4	BR
2671023226	0	3	0	4	BR
2955187555	0	2	0	4	BR
2282264105	2	3	23	4	BR
2889652158	0	2	0	4	BR
2626721902	0	1	0	4	BR
2030869105	1	11	4	4	BR
2563545750	1	1	1	4	BR
688429885	3	10	32	4	BR
2626460728	0	1	0	4	BR
2749406498	0	1	0	4	BR
2228527046	3	6	26	4	BR
2561187793	3	8	11	4	BR
2943655923	0	1	0	4	BR
2670239959	0	2	0	4	BR
2615976713	0	2	0	4	BR
2228528835	0	1	0	4	BR
2662901580	1	1	11	4	BR
2006493148	4	9	31	4	BR
2208868627	3	5	22	4	BR
2714544486	1	2	1	4	BR
2343348756	3	12	13	4	BR
2497489676	0	1	0	4	BR
2170858253	1	2	2	4	BR
2400234630	0	1	0	4	BR
2223812123	1	1	2	4	BR
2317397792	1	1	2	4	BR
2135732798	1	1	2	4	BR
2098246764	1	5	2	4	BR
2138355690	5	9	52	4	BR
2677848145	1	1	1	4	BR
2168240332	2	2	9	4	BR
2915351035	1	1	1	4	BR
2570894030	1	3	18	4	BR
78167034	8	23	139	4	BR
2229320833	0	10	0	4	BR
2684140939	1	1	5	4	BR
2101133030	5	6	343	4	BR
2033238775	4	14	225	4	BR
1965605834	2	5	7	4	BR
2262877785	1	1	8	4	BR
1972423184	2	5	11	4	BR
2100349572	0	1	0	4	BR
2487798766	3	4	80	4	BR
2128399526	1	2	1	4	BR
2527907068	1	1	3	4	BR
2223820085	1	1	8	4	BR
2101136915	3	3	38	4	BR
2264714768	3	5	12	4	BR
2156450577	3	4	52	4	BR
2120537838	1	1	1	4	BR
2277300061	1	1	10	4	BR
2344147073	1	3	31	4	BR
2548095233	1	2	4	4	BR
2486491630	1	1	1	4	BR
2584534550	1	1	6	4	BR
2641158809	1	1	14	4	BR
2790843324	1	1	1	4	BR
2775901162	1	1	1	4	BR
1220338677	1	3	12	4	BR
2512184673	1	1	2	4	BR
2498029043	2	2	37	4	BR
1971906445	1	2	2	4	BR
2121853186	1	2	2	4	BR
2502486318	1	1	7	4	BR
606923462	1	1	14	4	BR
2573528043	1	1	1	4	BR
2522934255	0	2	0	4	BR
2094329805	4	8	35	4	BR
2883907583	0	2	0	4	BR
2478633207	6	8	53	4	BR
2151478256	3	6	61	4	BR
992540936	1	2	3	4	BR
2223569238	0	1	0	4	BR
2225928559	1	4	4	4	BR
2276522361	1	1	6	4	BR
2543385104	1	4	4	4	BR
2702507179	1	1	8	4	BR
2636971532	1	1	2	4	BR
2013331289	1	1	5	4	BR
2974613574	0	1	0	4	BR
2287272857	1	1	13	4	BR
2892039354	1	1	1	4	BR
2376140317	1	2	2	4	BR
2225145868	2	2	4	4	BR
2634352673	0	1	0	4	BR
1817250343	1	2	4	4	BR
2722958439	0	1	0	4	BR
2314013894	1	2	1	4	BR
2326859311	2	2	5	4	BR
2638810851	1	1	1	4	BR
2709065506	5	12	92	4	BR
2432503939	2	2	9	4	BR
2802651359	0	1	0	4	BR
2336559364	1	1	11	4	BR
2512458361	1	1	1	4	BR
2630423294	1	1	12	4	BR
2227246004	2	2	62	4	BR
2229867753	1	1	7	4	BR
2275219625	0	1	0	4	BR
2565675830	1	1	3	4	BR
2765691842	0	1	0	4	BR
2242452559	3	7	27	4	BR
2401049752	2	3	6	4	BR
2244288615	0	2	0	4	BR
2223318118	1	15	1	4	BR
2415994039	10	32	267	4	BR
2245600761	3	5	53	4	BR
2310088606	1	4	1	4	BR
2131044317	1	3	1	4	BR
244394265	1	1	4	4	BR
2338925054	1	1	3	4	BR
2613651969	1	1	3	4	BR
2616535726	1	1	4	4	BR
2973314136	1	1	1	4	BR
2638819082	1	1	2	4	BR
2191864506	3	9	19	4	BR
2154641657	7	17	84	4	BR
2538420991	1	1	10	4	BR
1509768430	0	1	0	4	BR
2025406459	2	3	12	4	BR
2166440091	3	6	23	4	BR
2224374319	0	2	0	4	BR
2349679536	1	1	1	4	BR
2653504512	1	1	3	4	BR
2979611706	0	1	0	4	BR
2260813032	2	5	4	4	BR
2433042079	4	9	58	4	BR
2778810133	3	3	65	4	BR
2558871643	1	3	4	4	BR
2241415264	1	1	1	4	BR
2225162366	1	3	4	4	BR
2222541249	2	2	12	4	BR
2006011507	1	4	4	4	BR
2471579773	3	12	20	4	BR
2166968665	4	4	59	4	BR
2112967036	3	4	28	4	BR
2297778909	2	2	7	4	BR
2673431340	2	2	5	4	BR
2478658372	1	3	2	4	BR
2471843346	1	1	4	4	BR
2121357294	1	1	4	4	BR
2228836743	0	1	0	4	BR
2238012258	4	9	32	4	BR
2547083127	1	1	8	4	BR
1982949362	2	2	16	4	BR
2303551480	4	7	29	4	BR
2390059109	1	2	3	4	BR
1885169790	1	3	2	4	BR
2228841183	2	2	76	4	BR
2901502820	1	1	1	4	BR
2699914363	2	6	57	4	BR
2224385295	1	1	18	4	BR
2656399865	0	2	0	4	BR
338784809	2	4	17	4	BR
2223076135	1	1	4	4	BR
2513794054	0	2	0	4	BR
2974643686	1	1	18	4	BR
2554164859	1	1	1	4	BR
2791667341	2	4	5	4	BR
2409985910	0	1	0	4	BR
2338420764	2	2	14	4	BR
2902817056	0	1	0	4	BR
2159377560	2	5	8	4	BR
2342616265	1	1	1	4	BR
2981986910	1	1	9	4	BR
2897052394	1	3	1	4	BR
2643559554	1	3	1	4	BR
665421078	1	1	21	4	BR
2144700222	1	2	1	4	BR
2476837396	1	1	3	4	BR
2719059109	1	3	3	4	BR
2222558828	1	5	4	4	BR
2228589387	1	1	2	4	BR
2273941162	0	2	0	4	BR
2491520723	1	1	6	4	BR
2406324126	1	1	4	4	BR
2299369805	1	1	1	4	BR
2473957738	2	3	9	4	BR
2536348134	1	1	8	4	BR
2230950615	2	10	22	4	BR
2752355184	0	1	0	4	BR
2127928192	4	9	42	4	BR
2169085377	3	3	18	4	BR
2890243695	0	1	0	4	BR
2465308304	2	2	15	4	BR
2625740634	0	2	0	4	BR
2245633164	0	2	0	4	BR
2433328460	1	1	4	4	BR
2433590661	2	4	53	4	BR
2657199662	1	1	6	4	BR
2972559022	5	5	73	4	BR
2973607936	1	1	1	4	BR
2103814265	1	1	2	4	BR
2462689642	1	2	39	4	BR
2617878894	2	3	27	4	BR
2106698137	3	4	35	4	BR
2138679792	1	2	2	4	BR
2886314618	2	14	7	4	BR
2709367466	1	2	21	4	BR
2120068111	1	3	6	4	BR
2222567469	1	2	17	4	BR
1975104219	2	2	24	4	BR
2308027456	3	6	14	4	BR
2103555177	2	4	7	4	BR
2642785459	3	7	25	4	BR
2793781520	1	1	25	4	BR
2661136992	1	1	5	4	BR
2130296007	2	5	10	4	BR
324386169	1	3	8	4	BR
2967060134	0	1	0	4	BR
2990390975	1	1	2	4	BR
2343944059	1	6	6	4	BR
2787493037	1	1	6	4	BR
2505164276	0	1	0	4	BR
2062403158	5	5	36	4	BR
2584594412	1	2	16	4	BR
2126891454	4	12	46	4	BR
2973878824	1	1	20	4	BR
2141047493	5	6	48	4	BR
2507787504	0	2	0	4	BR
2225720821	1	1	10	4	BR
2657210644	1	1	3	4	BR
2696794540	1	1	5	4	BR
2196361758	1	6	2	4	BR
2104350193	4	7	48	4	BR
2435177108	1	1	10	4	BR
2143936217	4	44	88	4	BR
2777014152	3	3	26	4	BR
2806636788	0	1	0	4	BR
2973360950	1	1	15	4	BR
2228086023	1	1	16	4	BR
2524833190	2	2	26	4	BR
2607146637	0	1	0	4	BR
2139219629	4	6	95	4	BR
1979311933	3	6	23	4	BR
2080499723	1	2	7	4	BR
2889214332	0	1	0	4	BR
2406869532	1	2	3	4	BR
2324295380	1	2	1	4	BR
2113007388	3	4	29	4	BR
2777804713	0	1	0	4	BR
2222321603	1	2	4	4	BR
65139500	5	16	65	4	BR
2305422192	1	1	2	4	BR
2552886290	1	2	37	4	BR
2126378039	2	4	7	4	BR
2309878911	6	15	68	4	BR
2231760169	3	4	32	4	BR
2111698224	6	12	101	4	BR
1986131396	1	1	16	4	BR
2297821784	14	33	370	4	BR
2238577669	1	3	13	4	BR
2303852437	1	1	5	4	BR
2735603621	2	7	16	4	BR
2187985358	1	4	1	4	BR
2470314482	3	3	27	4	BR
939393636	1	1	3	4	BR
2135294691	2	2	13	4	BR
2013660934	1	3	8	4	BR
2111703348	1	3	3	4	BR
2152335820	4	11	98	4	BR
2494958168	1	1	2	4	BR
2912291489	1	3	3	4	BR
2974419637	1	1	3	4	BR
2127956838	4	10	73	4	BR
2152074334	2	2	119	4	BR
2034636004	5	11	313	4	BR
2474513649	1	1	11	4	BR
2619217344	3	6	30	4	BR
2129008384	2	2	9	4	BR
2153912439	1	5	18	4	BR
2371754173	2	2	59	4	BR
2618693837	1	1	22	4	BR
2097289467	1	3	3	4	BR
2968132528	0	1	0	4	BR
2152602567	4	11	36	4	BR
2484477928	1	1	2	4	BR
2250646001	4	8	46	4	BR
2114331225	2	4	17	4	BR
2229936736	4	8	71	4	BR
2908365761	0	1	0	4	BR
2697339981	1	2	3	4	BR
2678989979	1	4	5	4	BR
2156799460	1	1	4	4	BR
2614765457	0	2	0	4	BR
2223646680	1	3	3	4	BR
2144480346	3	3	89	4	BR
2646748659	1	2	1	4	BR
1580347272	3	10	144	4	BR
2126132186	2	5	24	4	BR
2141598725	2	2	12	4	BR
2291545304	5	5	131	4	BR
2960536979	0	1	0	4	BR
2172270201	4	7	26	4	BR
2576234387	1	1	68	4	BR
2658285751	2	10	17	4	BR
2804563001	0	1	0	4	BR
2102803564	3	3	37	4	BR
2974695448	1	1	4	4	BR
2901820766	0	1	0	4	BR
2324056005	2	5	8	4	BR
2974436963	1	1	3	4	BR
2142129890	4	11	33	4	BR
2642824997	1	2	1	4	BR
1992445885	2	3	15	4	BR
2550813834	1	1	2	4	BR
2549503640	1	1	1	4	BR
2232047472	3	4	104	4	BR
2223921207	2	2	8	4	BR
2483706136	7	13	170	4	BR
2230213294	1	1	18	4	BR
2973916045	1	1	2	4	BR
2151571264	3	5	45	4	BR
2112249664	1	2	8	4	BR
2434949346	3	18	23	4	BR
2280022323	4	4	113	4	BR
2384617934	2	2	172	4	BR
1217029010	3	6	23	4	BR
2805883914	0	1	0	4	BR
2483971331	2	4	11	4	BR
2921752581	0	1	0	4	BR
2306763163	6	20	83	4	BR
2992270228	0	1	0	4	BR
2969726554	1	1	1	4	BR
2047504153	3	10	65	4	BR
2105176572	1	3	3	4	BR
2488169318	3	5	24	4	BR
2963960764	0	1	0	4	BR
2625270762	1	1	7	4	BR
2695787612	1	1	2	4	BR
2051176209	5	10	341	4	BR
2810345378	1	2	3	4	BR
2491578399	1	2	2	4	BR
2670361165	0	1	0	4	BR
1998748512	3	3	75	4	BR
2277407614	2	6	7	4	BR
2974448656	1	1	25	4	BR
1970699583	1	1	1	4	BR
2329574959	1	2	32	4	BR
2915204916	1	1	1	4	BR
2228650128	1	2	5	4	BR
2145550538	2	2	7	4	BR
2119336501	2	2	10	4	BR
2098364981	2	3	34	4	BR
2158133941	3	6	102	4	BR
2788852434	1	2	6	4	BR
2103083829	1	4	2	4	BR
1825473356	1	3	6	4	BR
2287633258	1	1	16	4	BR
2963702786	2	3	4	4	BR
2657519948	1	1	7	4	BR
2901314531	0	1	0	4	BR
2031784178	1	1	1	4	BR
2313064934	3	4	16	4	BR
2568917585	0	2	0	4	BR
2710213353	1	1	5	4	BR
2461963202	0	2	0	4	BR
2793051335	0	1	0	4	BR
2223413556	1	1	2	4	BR
2223675816	2	2	4	4	BR
2501810759	1	1	8	4	BR
2102041548	0	2	0	4	BR
2307824757	3	6	33	4	BR
2289998965	1	2	2	4	BR
2124586114	7	14	99	4	BR
2114100369	1	3	3	4	BR
2243599536	1	1	1	4	BR
2130353607	1	3	4	4	BR
2159715082	1	2	18	4	BR
2226299680	0	1	0	4	BR
2438113127	3	7	11	4	BR
2902108272	1	3	3	4	BR
2084481466	1	3	10	4	BR
2973936325	1	1	1	4	BR
2902634072	1	2	3	4	BR
2747183015	0	1	0	4	BR
2607722664	2	2	9	4	BR
2104406825	0	2	0	4	BR
2550051689	1	1	4	4	BR
2283451439	1	1	5	4	BR
2106504374	6	17	70	4	BR
2241247930	1	1	7	4	BR
2061680520	7	21	157	4	BR
1832042410	1	3	5	4	BR
2231551453	3	11	43	4	BR
2626864794	0	1	0	4	BR
3008284353	0	1	0	4	BR
2288961839	3	3	26	4	BR
2142161656	2	5	21	4	BR
2617953174	2	9	8	4	BR
2905787422	0	1	0	4	BR
2102840599	2	3	9	4	BR
1992478259	0	1	0	4	BR
2274283154	1	1	5	4	BR
2149766098	3	8	47	4	BR
2080560388	3	7	39	4	BR
2974734185	1	1	2	4	BR
2478233883	0	1	0	4	BR
2653346489	1	3	3	4	BR
2165758733	1	1	1	4	BR
2228935551	2	2	4	4	BR
2278218952	1	1	25	4	BR
2621365614	1	3	1	4	BR
2182012671	6	42	144	4	BR
2889802102	0	1	0	4	BR
1833100636	6	22	131	4	BR
2287134225	2	8	32	4	BR
2151343636	0	3	0	4	BR
2021844542	7	16	318	4	BR
2226317289	2	2	4	4	BR
2109925676	1	2	1	4	BR
2150559688	1	1	13	4	BR
2158686449	3	5	25	4	BR
2620584404	0	2	0	4	BR
2142433834	1	2	3	4	BR
2430005930	0	1	0	4	BR
2110190602	1	3	1	4	BR
2559506363	3	7	10	4	BR
2999384038	0	1	0	4	BR
2953772079	0	2	0	4	BR
2336422982	2	5	18	4	BR
2651258219	1	4	4	4	BR
2158427685	2	3	25	4	BR
137559905	3	10	16	4	BR
2498428898	1	1	1	4	BR
2487943713	1	1	3	4	BR
2407466323	1	1	4	4	BR
2493449557	1	4	4	4	BR
2972911678	2	3	18	4	BR
2923629112	1	1	5	4	BR
2545093820	0	1	0	4	BR
2913668314	0	2	0	4	BR
2124091084	3	8	26	4	BR
2917863152	1	1	16	4	BR
2324893557	1	1	1	4	BR
2560823210	1	5	1	4	BR
2099974122	1	4	29	4	BR
2956136566	0	2	0	4	BR
2954564228	0	2	0	4	BR
2728334022	1	3	5	4	BR
2250708441	1	3	3	4	BR
2108888550	1	1	2	4	BR
2614040149	2	4	7	4	BR
2109675148	1	3	3	4	BR
2223970437	0	1	0	4	BR
2490308780	4	5	96	4	BR
2439715023	1	3	2	4	BR
2037848342	1	1	1	4	BR
2304448957	3	5	42	4	BR
2274564646	5	9	69	4	BR
2039159443	6	9	111	4	BR
2244680581	0	1	0	4	BR
1891048888	1	3	1	4	BR
2116493743	2	2	12	4	BR
2949325466	0	3	0	4	BR
2228691786	0	3	0	4	BR
2221089769	0	3	0	4	BR
2973967643	1	1	4	4	BR
2125932455	4	6	40	4	BR
2216634449	1	3	1	4	BR
2291083421	1	3	8	4	BR
2792302874	1	1	4	4	BR
2792565142	0	2	0	4	BR
2104701013	1	1	4	4	BR
332607606	2	2	28	4	BR
2469343473	1	1	7	4	BR
2974757135	0	1	0	4	BR
2543792447	1	1	2	4	BR
2272998532	1	3	4	4	BR
289092918	6	16	146	4	BR
2580232602	2	5	18	4	BR
2943040664	0	1	0	4	BR
2892185728	1	1	1	4	BR
2270642697	1	1	1	4	BR
2209038988	1	1	4	4	BR
2199603077	2	6	6	4	BR
2231846835	0	1	0	4	BR
2763475103	1	2	4	4	BR
1984383325	1	1	31	4	BR
2798602709	3	3	128	4	BR
2686143549	1	2	3	4	BR
2058309063	1	3	2	4	BR
2145341017	1	1	20	4	BR
2589151233	1	3	3	4	BR
2151371033	1	2	5	4	BR
2586530467	1	1	3	4	BR
2233947506	1	1	12	4	BR
2140624324	11	38	425	4	BR
1515673469	0	1	0	4	BR
2110216203	2	3	40	4	BR
2000115958	4	10	27	4	BR
2398051550	1	1	14	4	BR
2316001099	1	2	2	4	BR
2486394742	1	2	2	4	BR
2403033049	0	1	0	4	BR
2501337323	4	7	80	4	BR
2961400131	1	1	6	4	BR
1977574539	1	4	12	4	BR
2980799690	0	1	0	4	BR
2336187938	1	1	1	4	BR
2957207972	0	1	0	4	BR
2707646985	0	1	0	4	BR
2056481395	3	5	43	4	BR
2104978104	1	2	2	4	BR
2798611238	1	1	1	4	BR
2673306706	1	2	4	4	BR
1603759295	3	6	21	4	BR
2496622670	2	6	12	4	BR
2565828839	1	2	3	4	BR
2754048747	1	1	1	4	BR
2122019710	4	7	63	4	BR
2926015583	0	1	0	4	BR
2647356577	2	2	12	4	BR
2571335180	0	1	0	4	BR
2805167742	1	1	6	4	BR
2649454912	1	1	4	4	BR
2501081506	1	1	2	4	BR
2337504000	4	6	72	4	BR
2103147442	1	6	6	4	BR
2346155166	1	1	7	4	BR
2612494388	2	3	6	4	BR
2695332008	1	1	1	4	BR
1970766533	2	4	20	4	BR
2335146884	5	13	62	4	BR
2190181395	1	1	7	4	BR
2133034075	5	23	85	4	BR
2717353502	5	8	74	4	BR
2305788263	1	1	3	4	BR
2160036753	2	7	12	4	BR
2809367867	0	1	0	4	BR
2720238968	1	1	11	4	BR
2936507814	0	1	0	4	BR
2431619112	2	5	7	4	BR
2953809996	0	1	0	4	BR
2647101781	1	1	1	4	BR
2281935289	3	3	43	4	BR
2861011862	1	1	3	4	BR
2486932959	1	3	2	4	BR
2230294257	1	2	2	4	BR
2404358092	3	7	34	4	BR
2193332468	2	2	28	4	BR
2295831015	6	22	95	4	BR
2130680661	4	17	31	4	BR
2120195056	2	5	9	4	BR
2169478962	3	9	44	4	BR
2726535062	1	1	5	4	BR
2127798501	6	18	70	4	BR
2516820523	0	1	0	4	BR
2656543897	1	3	5	4	BR
2122032403	3	7	17	4	BR
2116527497	1	1	19	4	BR
2161616597	5	13	50	4	BR
2491918093	0	1	0	4	BR
2099488634	0	6	0	4	BR
2422450179	0	1	0	4	BR
2570823754	1	2	1	4	BR
2576066936	1	1	4	4	BR
2559552241	2	2	4	4	BR
2161093839	2	3	7	4	BR
2225843660	1	1	2	4	BR
2104995575	6	26	186	4	BR
2611982912	0	1	0	4	BR
2901128040	0	1	0	4	BR
2226631653	1	1	4	4	BR
2534651098	1	1	3	4	BR
2137240947	2	2	6	4	BR
2241836516	1	1	2	4	BR
779597467	1	1	2	4	BR
2779232021	1	3	3	4	BR
2612770977	1	1	3	4	BR
2134097706	5	16	50	4	BR
2158214980	1	5	5	4	BR
2978463615	0	1	0	4	BR
2280899519	1	1	8	4	BR
2169488599	1	2	4	4	BR
2150090649	4	5	96	4	BR
2723400069	1	2	11	4	BR
2143013902	1	4	2	4	BR
2124664695	4	10	31	4	BR
2099237043	6	30	95	4	BR
2225066551	1	1	1	4	BR
2274874184	2	3	51	4	BR
2974537136	1	5	12	4	BR
2633750114	1	4	1	4	BR
1988613885	1	1	5	4	BR
2032654571	3	6	252	4	BR
2633226713	1	1	6	4	BR
2269108935	0	1	0	4	BR
2122570655	2	3	14	4	BR
2464668867	2	3	15	4	BR
2112609785	1	1	4	4	BR
2496650757	1	1	4	4	BR
2222186067	1	2	10	4	BR
2953830046	0	1	0	4	BR
2496389571	1	3	7	4	BR
2974540535	1	1	4	4	BR
2223236034	1	3	3	4	BR
2222973970	1	1	4	4	BR
245098779	4	6	67	4	BR
2083777059	4	5	106	4	BR
2028202537	0	1	0	4	BR
2231364497	1	1	7	4	BR
2181820086	0	1	0	4	BR
2421681863	4	11	44	4	BR
2222715566	1	4	3	4	BR
2232152837	1	1	9	4	BR
428865733	4	4	144	4	BR
2908486520	0	3	0	4	BR
2551970839	1	1	2	4	BR
2227961051	1	1	2	4	BR
2664955284	1	1	1	4	BR
2329935423	1	4	4	4	BR
2555641629	1	1	3	4	BR
2001208558	0	1	0	5	BR
1995965867	1	1	1	5	BR
1880753621	1	1	1	5	BR
2429814334	1	2	12	5	BR
2229143248	0	2	0	5	BR
2899053380	0	1	0	5	BR
2758151094	1	1	2	5	BR
2883324885	0	1	0	5	BR
1979059229	1	1	9	5	BR
2105938816	2	2	10	5	BR
2936018185	1	1	2	5	BR
2735478202	1	1	1	5	BR
2573735432	2	2	32	5	BR
2160204012	4	6	51	5	BR
2435193429	1	2	6	5	BR
2566527595	1	1	1	5	BR
1978670651	2	6	11	5	BR
2169511606	1	1	1	5	BR
2758287478	1	2	7	5	BR
2650153204	0	1	0	5	BR
2311202351	2	5	20	5	BR
727460795	0	1	0	5	BR
2708090758	1	1	1	5	BR
2223124772	0	2	0	5	BR
2495886327	2	2	10	5	BR
2228368847	1	2	26	5	BR
2565355104	0	1	0	5	BR
1977629477	2	6	8	5	BR
2657370552	0	1	0	5	BR
2626568823	1	1	1	5	BR
2116829964	0	1	0	5	BR
2332837522	1	1	4	5	BR
2972075750	0	1	0	5	BR
2408466233	1	1	2	5	BR
2406370560	0	1	0	5	BR
1995590954	1	3	170	5	BR
2701545396	1	2	2	5	BR
2228244499	1	1	1	5	BR
2132038545	1	2	368	5	BR
2897761808	0	1	0	5	BR
2045007458	3	4	15	5	BR
2305843250	1	2	4	5	BR
2466145124	1	2	2	5	BR
2844027202	1	2	1	5	BR
2116577784	0	3	0	5	BR
2964221366	1	1	2	5	BR
1315074483	1	2	6	5	BR
2953999367	0	1	0	5	BR
2714138366	1	1	3	5	BR
2897771772	0	1	0	5	BR
2560261433	0	1	0	5	BR
2599191150	1	1	1	5	BR
2972878786	0	1	0	5	BR
2666039954	2	4	12	5	BR
2712308993	0	1	0	5	BR
2566163842	1	2	1	5	BR
2560003468	1	2	3	5	BR
2230095918	1	2	12	5	BR
2232849706	2	4	4	5	BR
2973800282	1	1	3	5	BR
2589498127	1	1	1	5	BR
2286198465	0	1	0	5	BR
2231673686	0	4	0	5	BR
2145298015	2	3	12	5	BR
2273617502	0	2	0	5	BR
2226956109	1	1	6	5	BR
2897127537	0	1	0	5	BR
2528556375	1	1	13	5	BR
2228925913	2	2	12	5	BR
2430779296	1	2	3	5	BR
2944975397	0	1	0	5	BR
2037957366	2	3	22	5	BR
2617033966	0	4	0	5	BR
2501822775	4	9	62	5	BR
2231684938	2	2	6	5	BR
2229064372	0	1	0	5	BR
2523190428	1	2	6	5	BR
2107036990	1	1	1	5	BR
2222381080	3	3	36	5	BR
2896484691	0	1	0	5	BR
2105596816	2	5	18	5	BR
2637488247	1	1	17	5	BR
2132730303	2	3	5	5	BR
2168906189	0	1	0	5	BR
2494492927	1	1	3	5	BR
1972040011	1	1	1	5	BR
2895837615	0	1	0	5	BR
2295136792	3	5	28	5	BR
2225538376	0	2	0	5	BR
2125661650	1	1	3	5	BR
2116880532	1	3	9	5	BR
2234452624	1	1	1	5	BR
2903444427	1	1	2	5	BR
2897021970	1	1	1	5	BR
2475494496	1	5	1	5	BR
2417299107	0	1	0	5	BR
2163806024	1	1	1	5	BR
2757038625	1	1	2	5	BR
2622821452	0	1	0	5	BR
2877495040	1	1	2	5	BR
2469730760	1	2	1	5	BR
2689409660	1	2	250	5	BR
2151492564	1	1	2	5	BR
2162109508	1	1	2	5	BR
2521771302	2	2	7	5	BR
2764517234	0	1	0	5	BR
2476946857	1	1	2	5	BR
2564371902	0	1	0	5	BR
2265791125	1	2	3	5	BR
2231450519	1	1	1	5	BR
1774795991	0	1	0	5	BR
2128560296	2	6	9	5	BR
2892317746	0	3	0	5	BR
2111784056	1	1	1	5	BR
2043495579	1	1	5	5	BR
2470921945	0	1	0	5	BR
2312718321	1	2	2	5	BR
2122270849	2	3	9	5	BR
2789820719	0	2	0	5	BR
2548256162	0	1	0	5	BR
2927841078	0	1	0	5	BR
2124108903	1	1	3	5	BR
2655607055	1	1	1	5	BR
2903595993	0	1	0	5	BR
2607111390	1	2	3	5	BR
2135121894	0	1	0	5	BR
211640365	2	2	93	5	BR
2560582301	1	1	8	5	BR
2124113816	3	3	27	5	BR
2613012803	1	1	16	5	BR
2901634155	0	1	0	5	BR
2277076655	0	1	0	5	BR
2623500628	0	1	0	5	BR
2980148621	0	1	0	5	BR
2566092770	0	1	0	5	BR
2400811761	1	1	1	5	BR
2229894166	0	1	0	5	BR
2164490234	1	3	3	5	BR
2560065884	1	1	2	5	BR
2100134256	1	1	10	5	BR
2974909207	1	1	1	5	BR
360940734	2	3	10	5	BR
2712635277	0	1	0	5	BR
259229605	0	1	0	5	BR
2763360837	1	1	2	5	BR
2225048945	0	1	0	5	BR
2101448880	2	2	9	5	BR
2438697138	0	2	0	5	BR
2692845994	0	2	0	5	BR
2098959653	1	1	20	5	BR
2975046520	1	1	3	5	BR
2098305915	1	1	5	5	BR
2548014325	1	1	6	5	BR
2563611896	1	1	1	5	BR
2118622705	1	1	2	5	BR
2884870094	0	1	0	5	BR
2617090551	0	1	0	5	BR
2231345816	0	1	0	5	BR
2156336456	2	2	22	5	BR
1972347696	0	1	0	5	BR
2529798107	1	1	3	5	BR
2515642773	0	1	0	5	BR
2576854253	2	3	8	5	BR
2487463679	8	8	239	5	BR
2637151953	1	1	2	5	BR
2678440348	1	4	2	5	BR
2765997474	0	1	0	5	BR
2170406528	2	2	32	5	BR
2744895869	1	1	22	5	BR
2111425783	2	3	28	5	BR
2559168115	3	7	49	5	BR
2314457207	1	5	3	5	BR
2231489756	1	1	3	5	BR
2507265492	0	1	0	5	BR
2099894059	3	7	17	5	BR
2167396157	2	4	24	5	BR
2115754376	1	1	3	5	BR
2565725781	1	2	4	5	BR
2554585265	0	1	0	5	BR
2167400058	1	2	3	5	BR
2789730158	1	1	2	5	BR
2714364810	1	1	1	5	BR
2476731524	1	2	3	5	BR
2767974800	1	1	3	5	BR
2891969536	0	2	0	5	BR
2921068909	0	1	0	5	BR
2222587501	1	1	6	5	BR
2101345999	1	1	1	5	BR
2889450206	0	2	0	6	BR
2670855631	0	1	0	6	BR
2069762932	0	1	0	6	BR
2621052062	0	1	0	6	BR
2017039616	0	1	0	6	BR
2089426383	3	3	34	6	BR
2595430076	0	1	0	6	BR
2805866662	1	1	2	6	BR
2783618374	2	2	5	6	BR
2169515903	1	5	8	6	BR
2279945948	1	1	2	6	BR
2141140883	0	1	0	6	BR
2796731512	0	1	0	6	BR
2789522856	1	1	3	6	BR
2150515017	0	2	0	6	BR
2342602564	1	1	22	6	BR
2302920767	1	4	5	6	BR
2791264434	1	1	2	6	BR
2123780876	1	1	15	6	BR
2534233363	1	1	1	6	BR
2638011203	1	1	4	6	BR
2280816518	1	1	1	6	BR
2625819554	2	3	11	7	BR
2616128768	1	1	1	7	BR
2169919718	3	4	40	7	BR
2094807389	2	3	14	7	BR
