105756682	26	38	12612	1	CA
65685553	20	55	2123	1	CA
107632699	29	99	3396	1	CA
609509551	15	69	769	1	CA
2281634038	0	1	0	1	CA
2106640644	7	25	167	1	CA
2120581443	8	12	659	1	CA
2221625686	18	28	2936	1	CA
2160918886	1	2	39	1	CA
2033301860	12	40	535	1	CA
41634159	11	16	591	1	CA
2617164185	2	4	13	1	CA
668754370	60	194	34323	1	CA
281248241	25	105	1873	1	CA
2019637813	37	159	9662	1	CA
243300917	13	28	2159	1	CA
405514873	8	31	233	1	CA
2134803084	3	4	34	1	CA
2439529108	52	475	17178	1	CA
2345134772	2	2	42	1	CA
2129930937	1	1	553	1	CA
2128431829	10	16	1369	1	CA
2130827991	4	4	72	1	CA
223511343	23	39	7183	1	CA
1996854119	13	17	2828	1	CA
343899017	5	11	1276	1	CA
2485834696	13	19	4897	1	CA
2470130636	24	111	4216	1	CA
2078690267	10	13	1495	1	CA
2149458952	14	30	3628	1	CA
2097546270	16	35	22549	1	CA
729685111	18	87	1386	1	CA
1963576484	40	103	18057	1	CA
2113271024	20	114	2825	1	CA
227075345	28	115	3659	1	CA
295353625	14	18	9495	1	CA
2308824398	29	43	26527	1	CA
2131127782	17	56	1311	1	CA
2094104063	2	3	31	1	CA
2132903572	9	16	377	1	CA
2284723869	22	138	1480	1	CA
2950184610	10	11	547	1	CA
2130144971	35	138	7209	1	CA
2143243998	14	15	826	1	CA
2015702761	20	48	5612	1	CA
2122913543	14	40	2718	1	CA
2291789584	2	2	15	1	CA
2330097435	7	29	143	1	CA
1889898352	17	104	1298	1	CA
1171453863	14	15	43701	1	CA
2144997312	32	88	3320	1	CA
2102908900	18	47	901	1	CA
123011085	5	9	56	2	CA
2226159948	12	25	390	2	CA
669155883	25	115	1664	2	CA
2015134264	15	27	5139	2	CA
2171110116	15	115	918	2	CA
2224030469	18	38	1527	2	CA
2531427152	1	1	33	2	CA
2093253698	11	39	399	2	CA
2501543272	1	1	6	2	CA
322372990	0	2	0	2	CA
2946106811	0	1	0	2	CA
2168391217	7	14	298	2	CA
2190280414	14	25	4767	2	CA
1998260123	19	99	1142	2	CA
2525235132	0	1	0	2	CA
2088503268	8	17	314	2	CA
2011629544	10	19	419	2	CA
2134411285	1	3	5	2	CA
1212778678	7	19	176	2	CA
2974386613	1	1	4	2	CA
1508215267	14	39	635	2	CA
2152139318	5	9	368	2	CA
2123074227	3	8	22	2	CA
2284620989	3	5	17	2	CA
2608532673	3	6	88	2	CA
2491878727	0	1	0	2	CA
2617871696	12	31	1170	2	CA
734760348	8	16	318	2	CA
1982074279	1	7	2	2	CA
323816932	6	16	102	2	CA
235507199	44	132	6857	2	CA
1996328611	2	4	15	2	CA
2130120576	31	135	3482	2	CA
2180681621	2	2	18	2	CA
2166984636	32	189	4236	2	CA
2107216203	26	101	3501	2	CA
2579600093	1	11	7	2	CA
1988203512	6	10	97	2	CA
2109576539	2	2	70	2	CA
1971164523	12	46	780	2	CA
206083856	3	12	78	2	CA
2607355810	1	1	1	2	CA
2096633958	13	26	427	2	CA
1993513151	9	31	376	2	CA
1975392465	1	1	4	2	CA
2033195501	5	7	163	2	CA
2605062653	6	27	83	2	CA
2197789195	20	43	2198	2	CA
1013389924	34	183	4800	2	CA
2025953933	5	7	84	2	CA
671619759	2	2	165	2	CA
2179832770	24	129	2502	2	CA
2033425406	24	70	2497	2	CA
2540903488	2	3	25	2	CA
2903514244	2	4	7	2	CA
2232130905	2	2	20	2	CA
2112626028	11	12	2776	2	CA
2144738817	11	45	324	2	CA
2050432516	5	10	83	2	CA
2099977998	1	4	25	2	CA
2778963749	20	43	2311	2	CA
2381357040	3	4	61	2	CA
2892406836	3	5	56	2	CA
2171150486	9	30	260	2	CA
2516426914	1	1	40	2	CA
2109186410	3	5	32	2	CA
2811077188	1	1	13	2	CA
1968841317	4	18	43	2	CA
2118165313	3	3	1235	2	CA
1984832408	15	30	2369	2	CA
2122752940	14	67	707	2	CA
2551260141	5	9	240	2	CA
2164794350	4	6	77	2	CA
2052072531	8	36	535	2	CA
2571215995	2	3	56	2	CA
2491753677	3	3	115	2	CA
1556915405	2	3	18	2	CA
2320377070	5	6	86	2	CA
2149492284	10	50	317	2	CA
130524756	3	5	272	2	CA
1254631063	9	13	296	2	CA
2487232300	6	15	237	2	CA
2102798150	12	61	357	2	CA
2310580181	3	4	36	2	CA
2197039416	12	89	915	2	CA
2311530826	3	7	32	2	CA
2006722907	4	10	58	2	CA
2950375907	3	4	27	2	CA
2973805177	1	1	7	2	CA
2278075077	2	3	16	2	CA
2313693992	8	13	321	2	CA
2130881427	10	33	438	2	CA
1993190316	2	2	65	2	CA
2240424914	8	30	191	2	CA
2168564834	3	5	118	2	CA
2232331472	1	2	5	2	CA
255601933	19	86	1260	2	CA
2147134859	4	11	47	2	CA
163950260	10	20	692	2	CA
2977738486	1	1	34	2	CA
2550050663	14	54	782	2	CA
2141958080	12	31	552	2	CA
2053091431	28	64	2059	2	CA
2063216861	16	74	830	2	CA
2310091469	5	9	204	2	CA
357118968	19	37	1505	2	CA
2223715321	2	5	22	2	CA
1957016794	13	54	838	2	CA
2156901690	9	17	570	2	CA
271037799	11	40	391	2	CA
2170828218	6	14	236	2	CA
2974791109	2	2	35	2	CA
1980839545	3	4	17	2	CA
2895132542	1	1	5	2	CA
2089334958	5	29	102	2	CA
1863400505	7	19	109	2	CA
1506753735	4	5	57	2	CA
2716351801	3	7	258	2	CA
2512010566	7	9	1317	2	CA
2308947350	15	51	655	2	CA
2087665558	3	8	27	2	CA
2522693533	4	8	38	2	CA
2076164004	5	17	98	2	CA
1997717467	6	10	127	2	CA
2131476448	23	74	3830	2	CA
2115813666	31	133	3257	2	CA
178569519	10	39	387	2	CA
38945362	3	5	22	2	CA
839107213	11	44	772	2	CA
2305245964	2	2	15	2	CA
2508931863	1	4	4	2	CA
2433762371	1	1	6	2	CA
2513684051	2	2	11	2	CA
2482226774	1	2	1	2	CA
1989101323	17	39	5670	2	CA
2101528751	19	67	982	2	CA
2890025597	2	2	10	2	CA
2577615642	11	24	570	2	CA
1964493667	5	10	307	2	CA
2583481453	2	2	14	2	CA
2008730852	20	53	1542	2	CA
2141965643	17	106	1547	2	CA
136859070	77	1041	26887	2	CA
2787691974	0	2	0	2	CA
2321829394	20	163	1460	2	CA
164646474	23	66	3488	2	CA
2776911506	7	9	210	2	CA
1375391496	5	35	130	2	CA
2596196297	3	9	38	2	CA
2733068339	1	4	2	2	CA
2310754593	1	1	140	2	CA
1998574699	4	7	60	2	CA
2101761371	4	4	111	2	CA
2225198524	1	1	5	2	CA
2125714999	36	136	6164	2	CA
2526074477	27	85	3997	2	CA
1980618430	21	84	2355	2	CA
2271303423	19	69	1624	2	CA
2237814639	3	4	31	2	CA
2164938629	5	8	152	2	CA
2278512575	38	211	5014	2	CA
2051004478	14	54	545	2	CA
2105989683	16	23	964	2	CA
2074303175	10	29	547	2	CA
2050841350	18	50	834	2	CA
2060802895	52	231	12800	2	CA
2088000343	18	68	1396	2	CA
2305416036	2	6	7	2	CA
2735070055	1	3	1	2	CA
2274417645	2	2	17	2	CA
2164710569	1	2	40	2	CA
1969282344	46	122	9195	2	CA
2706791897	4	6	107	2	CA
2638241340	1	1	12	2	CA
2326945342	36	65	7473	2	CA
2910084711	0	2	0	2	CA
2108350319	2	2	24	2	CA
2146918344	1	4	2	2	CA
2121949133	6	12	90	2	CA
2154815632	25	47	4723	2	CA
2806177952	2	3	10	2	CA
2038882473	7	10	1121	2	CA
2717933814	1	1	2	2	CA
2664423676	2	2	916	2	CA
2145542672	1	2	5	2	CA
2019451459	4	7	37	2	CA
2167628457	10	29	325	2	CA
2430624532	5	18	70	2	CA
1495032727	3	3	33	2	CA
2280121255	1	1	19	2	CA
1984914715	6	7	563	2	CA
1910302118	3	7	41	2	CA
2113758695	15	69	761	2	CA
20702764	15	26	1022	2	CA
2275305016	1	1	3	2	CA
2950358731	1	1	29	2	CA
2252072776	3	6	15	2	CA
2073192282	3	8	26	2	CA
1966663607	8	44	210	2	CA
1991895185	2	3	514	2	CA
2107042041	11	35	308	2	CA
1979672963	8	17	202	2	CA
2153179717	15	27	3588	2	CA
2281204405	2	2	8	2	CA
2148100823	5	26	209	2	CA
2777410728	4	10	54	2	CA
2028367304	21	114	2488	2	CA
2240835375	6	12	140	2	CA
2081714018	8	13	171	2	CA
751038373	9	29	222	2	CA
2645815314	1	2	6	2	CA
87749410	49	175	12306	2	CA
1977349315	22	99	1643	2	CA
173045206	4	8	24	2	CA
2666788395	6	15	230	2	CA
2153248334	15	57	680	2	CA
2124413231	13	55	2275	2	CA
2508159410	1	1	4	2	CA
2171927035	14	22	602	2	CA
2282748429	16	70	1055	2	CA
2497640979	1	1	3	2	CA
2107341344	4	6	134	2	CA
683375407	41	122	5564	2	CA
35158847	22	37	3139	2	CA
142736376	16	64	1440	2	CA
2135489550	7	42	252	2	CA
210304264	1	1	3	2	CA
2495184334	1	1	18	2	CA
2137948073	12	83	614	2	CA
221675514	25	93	1962	2	CA
2124677158	3	9	39	3	CA
2088239547	13	66	501	3	CA
887882191	9	27	366	3	CA
2108555781	6	14	162	3	CA
2697986844	2	2	23	3	CA
2094531386	3	5	45	3	CA
2276459508	1	1	1	3	CA
2175141177	1	2	14	3	CA
2132936094	9	23	355	3	CA
342492748	4	9	140	3	CA
2464417363	0	1	0	3	CA
2102265694	5	16	141	3	CA
2000816140	6	12	94	3	CA
2154956965	8	24	224	3	CA
2438990012	2	3	11	3	CA
1636960471	2	5	19	3	CA
2639137050	1	1	9	3	CA
2151418236	6	11	65	3	CA
253626839	10	16	268	3	CA
2169637448	5	11	291	3	CA
2008025750	20	38	2875	3	CA
2151025386	6	14	106	3	CA
2222328641	1	1	4	3	CA
2124811194	2	3	9	3	CA
2172128674	5	18	84	3	CA
2973371866	1	1	6	3	CA
2344881634	1	2	9	3	CA
2223771450	7	17	212	3	CA
2469662887	4	12	61	3	CA
720769234	10	15	1310	3	CA
2192576774	10	19	374	3	CA
2165969183	2	2	16	3	CA
2138575148	4	7	81	3	CA
2128876075	1	3	2	3	CA
2036339285	1	2	63	3	CA
2122715965	4	4	80	3	CA
265819012	3	15	43	3	CA
2099123081	17	40	797	3	CA
2138575906	5	10	369	3	CA
2658538695	5	14	45	3	CA
2146047251	3	12	35	3	CA
2168067492	5	7	282	3	CA
2169902863	22	52	1948	3	CA
2154829706	7	16	124	3	CA
2443974652	1	1	42	3	CA
1961760917	3	5	59	3	CA
252844298	14	130	866	3	CA
2116032864	13	33	694	3	CA
2743736686	2	3	11	3	CA
2221283783	22	108	1729	3	CA
2609257041	1	2	2	3	CA
2303859709	4	6	105	3	CA
2305039880	2	2	35	3	CA
2778865363	1	2	4	3	CA
2126257881	4	5	123	3	CA
2496667865	1	1	10	3	CA
2309366131	22	83	1855	3	CA
2234262019	4	4	48	3	CA
2311987939	20	67	1152	3	CA
1687954665	2	6	26	3	CA
2966431223	1	2	4	3	CA
2264409770	8	14	420	3	CA
2100307703	2	2	7	3	CA
2248943465	32	158	3825	3	CA
2115774425	16	32	2963	3	CA
2194548733	12	46	932	3	CA
2963155088	2	3	12	3	CA
2054302107	2	2	8	3	CA
2286299570	4	5	34	3	CA
2059413947	8	8	426	3	CA
2288003754	2	3	44	3	CA
2109483832	4	4	200	3	CA
1872767945	7	22	240	3	CA
2658544638	0	1	0	3	CA
2252090632	7	15	141	3	CA
2717527504	2	7	17	3	CA
2070162945	3	9	29	3	CA
122039978	10	59	346	3	CA
2100440747	3	4	93	3	CA
2305437356	4	12	103	3	CA
2068459266	4	6	52	3	CA
2608738053	1	1	370	3	CA
2097950673	22	69	1523	3	CA
2108961094	1	1	1	3	CA
2973250171	1	1	7	3	CA
2583442335	5	14	129	3	CA
2250388414	11	16	465	3	CA
2519872627	1	1	4	3	CA
1623864614	1	2	23	3	CA
230569256	11	19	389	3	CA
2689086994	1	1	6	3	CA
2113156650	1	1	7	3	CA
1781151599	12	26	611	3	CA
1979856966	2	3	207	3	CA
2783984076	4	4	153	3	CA
2000042460	2	2	21	3	CA
2075671034	6	9	373	3	CA
2312911458	1	1	9	3	CA
2163882657	4	8	75	3	CA
2268871598	6	7	321	3	CA
315767892	3	4	21	3	CA
2643344975	3	16	36	3	CA
2169651204	5	9	77	3	CA
1997684926	2	2	22	3	CA
2551988587	1	1	1	3	CA
2053521882	10	20	455	3	CA
202916337	24	146	2239	3	CA
2120237831	4	6	33	3	CA
2254718311	9	26	240	3	CA
2144486765	2	2	20	3	CA
191645236	4	7	63	3	CA
1605912125	6	10	293	3	CA
2510964285	4	8	137	3	CA
2567980702	1	1	3	3	CA
2577024824	1	1	1	3	CA
2500609963	1	1	2	3	CA
2229028947	1	1	4	3	CA
2171226478	2	4	16	3	CA
2121157151	4	4	44	3	CA
259803735	4	8	80	3	CA
2894351083	1	1	31	3	CA
2114603819	1	1	9	3	CA
2973911933	1	1	20	3	CA
38292625	10	27	274	3	CA
2281983516	4	5	31	3	CA
2562608806	5	11	173	3	CA
2247512648	40	200	5338	3	CA
2032292447	26	153	2599	3	CA
2016301946	12	63	564	3	CA
2017875080	11	23	334	3	CA
1274828212	2	5	12	3	CA
2951370169	2	3	33	3	CA
2176996962	7	11	142	3	CA
2578077288	1	1	37	3	CA
2074498690	6	25	483	3	CA
2019186401	19	80	1068	3	CA
2892257259	1	1	30	3	CA
1973442693	3	4	52	3	CA
2232047799	3	3	26	3	CA
2296404155	12	27	968	3	CA
2792249612	1	4	16	3	CA
2426428367	1	2	3	3	CA
2656591079	1	1	1	3	CA
2005163446	16	55	784	3	CA
2762497463	6	9	170	3	CA
1258970574	3	6	42	3	CA
2086034959	5	9	103	3	CA
2146852457	30	77	3435	3	CA
2010799907	7	13	122	3	CA
2138202293	4	10	41	3	CA
1382572284	1	2	6	3	CA
2161271039	6	21	450	3	CA
2143838481	2	3	56	3	CA
1514561843	2	6	111	3	CA
2506646080	2	3	12	3	CA
1973183067	1	1	3	3	CA
2001101459	12	39	472	3	CA
2150523589	19	60	1557	3	CA
2695783118	2	2	40	3	CA
2216715003	5	9	94	3	CA
191521632	2	3	107	3	CA
2136106177	4	4	238	3	CA
2104255697	16	66	924	3	CA
2156553946	1	2	7	3	CA
2675074990	2	2	39	3	CA
2342414357	1	1	20	3	CA
2582669442	5	6	113	3	CA
2229168393	1	1	2	3	CA
2139253047	2	3	19	3	CA
5139223	7	28	139	3	CA
2218683199	14	91	901	3	CA
2164288427	2	7	9	3	CA
2061135030	14	59	559	3	CA
2316594671	3	3	18	3	CA
1299738099	9	60	286	3	CA
2098229158	10	14	503	3	CA
2232709251	4	5	146	3	CA
1877766373	5	13	97	3	CA
2950983928	5	11	141	3	CA
1216508184	1	1	47	3	CA
2546627236	1	1	4	3	CA
2046456498	5	8	121	3	CA
2006348664	2	2	7	3	CA
2039378859	6	22	177	3	CA
2894754769	1	1	2	3	CA
2957407235	0	2	0	3	CA
2041607540	2	7	14	3	CA
43152936	27	165	2703	3	CA
2101507671	30	129	3537	3	CA
2073589598	3	3	38	3	CA
2181330813	1	1	25	3	CA
2045278386	4	4	136	3	CA
2148301067	4	4	48	3	CA
956332800	7	12	81	3	CA
2346351919	1	1	3	3	CA
2380037463	23	46	1583	3	CA
2311093772	6	17	106	3	CA
2146598526	23	54	2360	3	CA
2244247477	6	9	133	3	CA
2279506386	17	44	835	3	CA
2152104422	6	20	114	3	CA
2174779983	2	6	24	3	CA
1975288627	1	1	7	3	CA
2129822642	10	45	597	3	CA
2888337056	1	1	6	3	CA
2956625633	1	1	2	3	CA
2022082422	1	2	3	3	CA
2123270365	1	2	7	3	CA
2310834484	4	5	352	3	CA
2574027124	0	1	0	3	CA
2239007148	11	39	432	3	CA
2404813302	2	6	49	3	CA
2943126515	6	11	372	3	CA
2059963381	6	38	115	3	CA
2973273158	1	1	42	3	CA
1980927055	4	11	42	3	CA
2214628470	1	3	2	3	CA
111709359	12	107	811	3	CA
2720435397	3	3	83	3	CA
2104397063	3	8	47	3	CA
220106048	2	3	19	3	CA
2494729795	1	1	65	3	CA
2072023155	8	34	192	3	CA
49582422	1	1	10	3	CA
2979828519	2	3	8	3	CA
2005833011	3	4	55	3	CA
2135332222	3	9	46	3	CA
2183959943	1	1	17	3	CA
2582418829	2	7	15	3	CA
1044551098	13	24	522	3	CA
210671306	6	16	161	3	CA
73308034	9	23	232	3	CA
2039519359	1	1	2	3	CA
2177538208	6	8	136	3	CA
2041878850	2	8	15	3	CA
2170853830	10	18	277	3	CA
2739444268	2	3	73	3	CA
2138086143	4	4	100	3	CA
2147654607	12	27	769	3	CA
2012912700	7	11	103	3	CA
2168626245	6	10	274	3	CA
2491849885	1	1	9	3	CA
2953223361	2	4	32	3	CA
1959697873	14	60	1498	3	CA
2054463009	3	8	68	3	CA
2434440770	6	9	144	3	CA
1959173861	3	3	132	3	CA
1981325106	3	3	48	3	CA
2100731842	14	69	546	3	CA
2113445900	2	2	17	3	CA
175153530	5	12	78	3	CA
2134286715	7	9	650	3	CA
2552930974	1	2	9	3	CA
2886771611	1	1	1	3	CA
2133369893	12	52	424	3	CA
2155652432	1	2	12	3	CA
2160633428	2	8	29	3	CA
1650370517	4	12	42	3	CA
756197653	4	8	44	3	CA
2628561417	1	1	8	3	CA
2491198413	2	2	49	3	CA
2228530139	5	9	141	3	CA
2102569968	2	3	12	3	CA
1916972287	3	3	30	3	CA
2722671887	2	4	23	3	CA
1986178356	1	1	6	3	CA
2029694915	3	8	52	3	CA
2035593156	2	4	16	3	CA
2111090652	9	52	256	3	CA
2664083467	2	2	26	3	CA
2085138701	5	18	101	3	CA
2157359431	3	4	13	3	CA
2577969526	2	3	13	3	CA
1872015834	11	63	556	3	CA
2270867987	11	25	336	3	CA
40940245	12	56	504	3	CA
2102178676	6	21	104	3	CA
2310189995	10	18	358	3	CA
2137961585	4	5	75	3	CA
2345055461	2	5	23	3	CA
2099688832	17	55	1133	3	CA
2232071723	2	4	20	3	CA
2127738634	1	1	87	3	CA
1986181105	10	16	499	3	CA
1985395278	4	4	134	3	CA
2338634333	1	3	4	3	CA
2223815583	1	2	4	3	CA
2587540638	6	16	117	3	CA
28360039	6	26	136	3	CA
2224864724	1	2	48	3	CA
2207170090	3	3	269	3	CA
2278473363	7	23	468	3	CA
2132722046	15	35	819	3	CA
1233699610	9	12	184	3	CA
2162213707	2	8	29	3	CA
2061813032	13	52	627	3	CA
2139014555	5	11	66	3	CA
1988937168	13	65	830	3	CA
2089207490	18	133	1476	3	CA
2113062643	2	4	41	3	CA
2304165622	0	1	0	3	CA
2097071936	25	116	2017	3	CA
2485045136	1	1	5	3	CA
693946384	5	6	126	3	CA
2494220603	1	2	5	3	CA
217893198	1	2	1	3	CA
2272316023	5	6	56	3	CA
2138229616	15	39	994	3	CA
2170211388	15	50	2499	3	CA
2143604270	3	14	34	3	CA
2264321957	1	1	3	3	CA
2598424759	1	2	173	3	CA
2207437076	3	4	81	3	CA
2058146465	14	60	618	3	CA
2240992292	3	6	160	3	CA
2965296314	4	9	35	3	CA
2105332969	2	2	56	3	CA
2635650383	1	1	2	3	CA
2150291160	1	1	12	3	CA
2277693213	8	13	339	3	CA
714397532	16	38	1005	3	CA
2157107400	2	2	14	3	CA
2615204481	2	2	35	3	CA
2157108081	8	11	447	3	CA
2127355150	6	15	106	3	CA
2569592566	1	1	6	3	CA
2418466694	1	1	23	3	CA
2317017439	1	4	16	3	CA
2140070282	3	6	162	3	CA
2225529498	1	1	10	3	CA
1212867261	17	29	1299	3	CA
2947212113	1	1	1	3	CA
172680072	1	2	29	3	CA
2132075407	2	2	8	3	CA
2210718692	11	63	424	3	CA
2111759766	0	1	0	3	CA
2949179054	2	5	22	3	CA
2443372242	4	13	230	3	CA
2304567024	2	2	78	3	CA
2101667643	1	1	22	3	CA
2395400015	1	1	43	3	CA
2758338474	1	3	2	3	CA
2302863476	12	38	801	3	CA
2164320695	2	4	10	3	CA
317123000	22	94	2442	3	CA
2596596230	11	18	1081	3	CA
2974607951	1	1	54	3	CA
2196958139	20	64	2463	3	CA
2226056500	2	4	54	3	CA
2570907006	1	1	6	3	CA
2150166195	9	38	472	3	CA
2270359399	2	3	56	3	CA
2315579385	2	4	6	3	CA
2585325599	1	1	22	3	CA
2918117695	2	2	27	3	CA
1979511238	1	1	42	3	CA
2190144130	1	3	4	3	CA
1989997261	3	4	611	3	CA
2309027481	6	8	442	3	CA
2620454581	4	6	38	3	CA
2217670452	11	31	457	3	CA
2487940935	1	1	3	3	CA
2068379475	5	6	125	3	CA
2250176815	10	18	982	3	CA
2065365547	4	9	729	3	CA
2519661176	1	1	4	3	CA
2305358583	3	5	76	3	CA
2918382751	3	5	50	3	CA
2104425770	4	9	51	3	CA
2307587691	22	101	1348	3	CA
2303131318	3	7	17	3	CA
2899509076	1	4	2	3	CA
2226978742	1	2	1	3	CA
2560950310	4	4	80	3	CA
2069430469	12	32	879	3	CA
445579570	23	81	1652	3	CA
2620719578	17	82	1478	3	CA
2811429350	1	1	27	3	CA
2144928231	2	2	11	3	CA
2100364043	2	3	39	3	CA
2573403431	1	1	5	3	CA
2011760006	6	8	191	3	CA
2466186988	3	14	35	3	CA
2769225557	1	1	55	3	CA
2669742009	0	1	0	3	CA
2136803802	13	56	586	3	CA
2137852859	2	2	57	3	CA
253169367	2	3	8	3	CA
2672758583	1	2	57	3	CA
2004684731	2	2	55	3	CA
2969768109	3	14	21	3	CA
2569605330	7	10	296	3	CA
2145325286	5	5	445	3	CA
2310869232	7	11	217	3	CA
2271547657	11	15	375	3	CA
2116358464	7	7	424	3	CA
2279281130	2	3	71	3	CA
2530546184	1	1	53	3	CA
2137592516	4	8	96	3	CA
2974749703	2	2	7	3	CA
2148341558	11	36	370	3	CA
2022381637	28	92	2459	3	CA
2662537333	0	1	0	3	CA
1697585276	9	34	236	3	CA
2407733464	1	1	89	3	CA
2953255403	2	2	7	3	CA
2803702289	2	3	21	3	CA
2230131311	1	3	3	3	CA
2500926445	1	1	1	3	CA
2798722093	3	11	33	3	CA
2562792748	1	1	12	3	CA
2133400928	3	7	22	3	CA
2139430241	6	26	143	3	CA
2466848354	2	2	10	3	CA
11477973	6	12	622	3	CA
2139956349	2	6	57	3	CA
2159748244	6	10	128	3	CA
1525228929	10	30	280	3	CA
2974754248	1	1	6	3	CA
2132223795	9	47	380	3	CA
2466457493	1	1	51	3	CA
1634674595	5	11	109	3	CA
2274437064	3	4	159	3	CA
2350589961	1	1	9	3	CA
2304059410	5	6	113	3	CA
2227644798	1	3	1	3	CA
2105747931	1	2	2	3	CA
1961699915	23	59	1561	3	CA
1994206377	1	2	11	3	CA
1982672108	1	3	3	3	CA
2898996564	1	2	2	3	CA
697642374	5	26	89	3	CA
2035756498	6	9	136	3	CA
249245400	8	22	212	3	CA
2225286975	4	8	34	3	CA
2146119903	2	2	105	3	CA
723858018	6	15	517	3	CA
2503422693	1	1	4	3	CA
2283483882	1	1	8	3	CA
2141926159	5	6	93	3	CA
2115842858	4	9	32	3	CA
2305635239	6	16	112	3	CA
2159752177	2	4	9	3	CA
2634232996	3	3	53	3	CA
2084517134	2	4	19	3	CA
2230269225	1	1	1	3	CA
2279814535	6	8	147	3	CA
2467116446	1	1	2	3	CA
2989569816	2	3	12	3	CA
2623748130	1	3	5	3	CA
2233677904	11	50	378	3	CA
2280339596	7	13	200	3	CA
2619422953	1	1	9	3	CA
1208432962	2	8	13	3	CA
741423520	10	22	633	3	CA
322517448	18	54	1098	3	CA
2154773116	5	5	146	3	CA
2651404964	3	5	134	3	CA
2156739597	4	9	57	3	CA
2516794492	6	14	126	3	CA
2310356204	1	2	20	3	CA
2182954284	2	2	32	3	CA
2295283016	1	1	2	3	CA
2064334167	9	37	398	3	CA
2089763030	7	28	135	3	CA
2172207377	4	5	59	3	CA
2012562042	5	12	57	3	CA
2632664075	2	3	55	3	CA
2279949485	1	2	14	3	CA
85935286	8	22	261	3	CA
2950776117	1	2	2	3	CA
2666743337	1	1	1	3	CA
2918008528	5	27	75	3	CA
2104313586	2	2	9	3	CA
2169063407	3	5	27	3	CA
2165262648	5	13	38	3	CA
2620082518	13	41	758	3	CA
2146650730	4	4	211	3	CA
343755398	27	282	3102	3	CA
2400930590	4	6	93	3	CA
2148092808	11	14	1511	3	CA
2974763954	1	1	31	3	CA
2567916594	1	1	6	3	CA
2110475654	7	11	560	3	CA
2362527394	1	1	23	3	CA
2223722222	1	1	8	3	CA
2111524658	1	1	1	3	CA
2789036184	4	5	169	3	CA
2275234081	4	6	35	3	CA
2970046767	8	9	203	3	CA
1969967569	2	7	6	3	CA
2152157848	1	2	15	3	CA
2601472789	2	4	23	3	CA
2190169177	3	3	40	3	CA
2974504587	2	2	6	3	CA
324753093	1	3	3	3	CA
2796115692	1	2	2	3	CA
1867732770	4	7	85	3	CA
2548651814	1	1	18	3	CA
1229805414	9	10	431	3	CA
2631358353	1	1	1	3	CA
2165397407	5	8	61	3	CA
2275235953	16	73	817	3	CA
2085050577	26	152	1871	3	CA
2425182641	11	16	692	3	CA
2106284525	19	156	1164	3	CA
1640454772	14	89	778	3	CA
1899322134	5	5	59	3	CA
2233686821	1	1	3	3	CA
2722323255	1	1	4	3	CA
2141281348	31	79	5996	3	CA
2049662141	24	72	3440	3	CA
2397789820	1	2	1	3	CA
2308661046	3	3	22	3	CA
2494783580	2	2	13	3	CA
2751029863	1	2	1	3	CA
2240111406	9	15	174	3	CA
2033149148	1	2	1	3	CA
2964284659	1	1	74	3	CA
2225170621	4	6	97	3	CA
1970628848	1	2	7	3	CA
2575919767	2	2	10	3	CA
2005494572	17	42	1122	3	CA
2735828345	1	1	14	3	CA
2949213587	4	7	26	3	CA
2142203433	0	1	0	3	CA
2293199038	3	10	35	3	CA
2119790960	1	1	3	3	CA
2072211860	5	7	247	3	CA
1752396201	1	3	17	3	CA
2275242628	2	2	13	3	CA
2161603443	5	6	238	3	CA
2697425898	1	1	13	3	CA
2462020809	3	4	41	3	CA
307852527	3	11	15	3	CA
2509600330	3	6	20	3	CA
37713566	3	5	476	3	CA
2879485661	2	2	342	3	CA
713914351	28	113	2456	3	CA
2791929910	1	1	25	3	CA
2264889530	1	2	34	3	CA
2148628851	4	8	43	3	CA
2128574846	8	23	237	3	CA
2341698244	1	1	65	3	CA
2153085924	2	2	19	3	CA
2951314671	1	1	2	3	CA
2274852307	3	3	17	3	CA
2748939785	1	1	3	3	CA
2131328646	8	14	103	3	CA
2581954264	0	1	0	3	CA
2167635683	1	2	7	3	CA
2276163375	1	1	12	3	CA
2345107333	3	7	27	3	CA
2070773745	1	2	54	3	CA
2105114944	6	13	142	3	CA
2154922471	3	3	20	3	CA
2164097754	13	35	642	3	CA
2016903919	5	6	207	3	CA
311133001	5	8	65	3	CA
2071823295	6	17	84	3	CA
1978500040	35	171	5278	3	CA
2159641792	5	14	79	3	CA
2096203048	3	5	105	3	CA
2517075292	21	43	1306	3	CA
2703459682	7	8	94	3	CA
2475263994	1	1	5	3	CA
2014284122	14	91	879	3	CA
270109053	3	6	75	3	CA
272206453	1	1	55	3	CA
2023983760	7	15	112	3	CA
2501217056	1	1	5	3	CA
2251000736	14	73	816	3	CA
2615512258	2	5	20	3	CA
2032635137	10	46	665	3	CA
2089389537	1	2	46	3	CA
2338295398	4	7	62	3	CA
1974439610	1	2	2	3	CA
149131335	6	10	61	3	CA
2119143786	21	116	1454	3	CA
1886491044	13	102	586	3	CA
1966445070	6	11	141	3	CA
2119013251	2	3	43	3	CA
2084410744	5	10	209	3	CA
1152630	5	7	138	3	CA
2465044134	0	1	0	3	CA
2028574386	4	6	195	3	CA
2074187616	3	7	14	3	CA
2228066266	6	13	209	3	CA
2008521177	6	27	90	3	CA
2497288788	6	10	170	3	CA
2224659072	1	1	2	3	CA
2201197304	81	384	22226	3	CA
2495454079	1	1	2	3	CA
285318040	26	233	2384	3	CA
157654181	2	4	11	3	CA
2159779072	4	6	57	3	CA
2311036381	2	2	101	3	CA
2701106781	2	2	72	3	CA
2121244630	7	12	359	3	CA
2691539399	1	1	8	3	CA
2116657647	2	3	121	3	CA
2137367110	4	5	74	3	CA
2236851020	5	5	442	3	CA
2295441698	2	6	17	3	CA
2512759094	1	5	2	3	CA
2245372456	2	5	15	3	CA
2609097427	8	30	191	3	CA
2810424020	1	1	45	3	CA
2327423788	3	3	41	3	CA
2898373461	1	1	5	3	CA
2657463154	2	2	202	3	CA
1976806366	14	44	811	3	CA
2895883347	5	9	71	3	CA
2468589444	1	1	2	3	CA
2186129334	5	5	178	3	CA
2898112544	1	1	5	3	CA
2037624971	7	13	171	3	CA
2674897078	1	1	3	3	CA
2113253570	16	34	1030	3	CA
1999089866	3	7	37	3	CA
2492182856	2	5	7	3	CA
2521280970	1	1	7	3	CA
2974397431	1	1	2	3	CA
2200548639	2	8	25	3	CA
2078389918	2	3	139	3	CA
1812445201	7	12	137	3	CA
2946218139	2	2	9	3	CA
2156247372	2	3	24	3	CA
2120333649	2	3	28	3	CA
1976023483	2	2	9	3	CA
28556126	41	552	7612	3	CA
1761328161	9	45	431	3	CA
2111552791	10	48	292	3	CA
2298199668	1	1	50	3	CA
2259795582	0	1	0	3	CA
2561786263	4	13	167	3	CA
2888417973	2	13	11	3	CA
1261552451	1	2	41	3	CA
2170405813	2	4	13	3	CA
2227029354	6	11	107	3	CA
2035926428	6	21	172	3	CA
2702296500	0	1	0	3	CA
294766010	9	33	328	3	CA
2222704200	2	3	29	3	CA
2476197513	7	18	188	3	CA
2052179800	2	3	35	3	CA
624150487	25	221	5362	3	CA
2167130146	2	3	60	3	CA
215599161	5	18	107	3	CA
2567030876	1	1	2	3	CA
2230962322	3	3	42	3	CA
1139919548	7	26	195	3	CA
2562051026	1	1	12	3	CA
2583677985	2	3	12	3	CA
2071448739	2	3	21	3	CA
2580139190	6	38	178	3	CA
1086573881	5	9	94	3	CA
2973748806	0	1	0	3	CA
2135150508	3	3	111	3	CA
2678968601	1	2	2	3	CA
2125713721	2	2	15	3	CA
2059129655	5	7	294	3	CA
1552274518	10	12	1583	3	CA
2013779195	1	1	26	3	CA
2125976943	7	15	186	3	CA
2742408644	1	1	2	3	CA
2002638295	1	2	36	3	CA
2065028662	6	7	170	3	CA
2610026229	1	1	5	3	CA
2698368807	2	3	53	3	CA
2605045590	1	1	24	3	CA
2019678078	8	26	260	3	CA
36165824	7	9	478	3	CA
2120211283	12	52	513	3	CA
2810436485	2	2	29	3	CA
2142362645	14	100	696	3	CA
2141838361	2	4	11	3	CA
2006703240	5	19	44	3	CA
2171985282	16	64	1026	3	CA
2102386596	5	19	58	3	CA
2078662646	28	135	2481	3	CA
2024923154	8	17	465	3	CA
2230181921	1	1	2	3	CA
2046157105	7	16	95	3	CA
1206772049	26	109	2986	3	CA
2949898668	1	1	4	3	CA
2154160713	9	18	597	3	CA
2103960431	3	7	31	3	CA
2129388437	9	38	423	3	CA
2159272853	1	1	12	3	CA
2513167265	1	1	6	3	CA
2940986304	1	1	2	3	CA
2973623269	1	1	10	3	CA
110093395	15	37	1072	3	CA
2214323622	7	21	380	3	CA
2077484454	3	3	74	3	CA
2531911291	11	44	734	3	CA
2949507035	1	2	12	3	CA
2945837100	0	2	0	3	CA
2633885769	2	3	68	3	CA
2158225612	11	34	274	3	CA
2216945916	6	10	120	3	CA
2597710134	3	3	99	3	CA
2157439481	2	2	44	3	CA
2555243075	5	5	67	3	CA
2143546048	3	4	92	3	CA
2498882415	3	4	63	3	CA
2539645825	4	6	134	3	CA
2780556404	1	1	21	3	CA
2117987914	10	72	331	3	CA
316141143	3	9	68	3	CA
2674913061	3	4	19	3	CA
2128342909	1	1	20	3	CA
2164388030	6	9	218	3	CA
2475159768	1	1	3	3	CA
2229400158	1	2	3	3	CA
301593239	22	119	1500	3	CA
2403070619	1	1	42	3	CA
2615538337	1	1	1	3	CA
2152067899	3	5	88	3	CA
2619863964	1	1	79	3	CA
2101998751	5	6	391	3	CA
2640311765	1	1	32	3	CA
2022176232	1	1	901	3	CA
2044720642	11	64	275	3	CA
1964897847	7	42	146	3	CA
2945316544	1	1	33	3	CA
1833694980	2	2	216	3	CA
2973628557	2	2	116	3	CA
2478831976	2	2	13	3	CA
1531181462	2	2	139	3	CA
2164652665	8	8	163	3	CA
2486303438	1	1	2	3	CA
225835777	38	205	5015	3	CA
2461399818	2	2	34	3	CA
2155084926	3	3	47	3	CA
2310798731	1	1	6	3	CA
2416705043	5	5	290	3	CA
2179989061	7	35	149	3	CA
2097677111	1	2	2	4	CA
2232157198	1	1	3	4	CA
2125989076	4	8	133	4	CA
2524448021	1	1	5	4	CA
2653685226	2	2	40	4	CA
2097677849	1	1	11	4	CA
2174748597	1	3	3	4	CA
326371981	4	9	90	4	CA
243797185	1	1	10	4	CA
2192837878	4	6	30	4	CA
2096106848	2	2	9	4	CA
2974289805	0	2	0	4	CA
2478313505	0	1	0	4	CA
2222723501	1	1	12	4	CA
2230325922	3	5	15	4	CA
2700088289	1	2	7	4	CA
1187517775	3	8	70	4	CA
2047350535	2	2	18	4	CA
2129401672	10	16	796	4	CA
2516326350	1	1	14	4	CA
632035821	1	2	17	4	CA
2761431554	1	1	9	4	CA
2659982314	5	7	274	4	CA
2232163398	1	2	3	4	CA
2973768935	1	1	6	4	CA
2031886309	3	3	81	4	CA
2310545999	3	3	17	4	CA
2244748059	3	6	19	4	CA
1970283748	2	5	37	4	CA
322185964	1	5	34	4	CA
703605531	2	2	12	4	CA
2787650699	1	1	44	4	CA
2439523572	1	1	9	4	CA
2102669621	4	10	35	4	CA
2654220912	0	1	0	4	CA
2222208029	1	2	2	4	CA
2675455246	1	1	7	4	CA
2101360399	2	5	22	4	CA
2080913190	8	28	184	4	CA
2025076788	3	4	59	4	CA
2371369274	4	9	51	4	CA
2120759864	1	2	2	4	CA
2210675694	0	1	0	4	CA
2667593347	1	1	8	4	CA
2153791255	3	6	57	4	CA
2614640420	2	5	18	4	CA
233324555	3	4	26	4	CA
2177122352	9	9	5745	4	CA
2229027191	1	6	3	4	CA
2137801286	2	3	27	4	CA
2283030612	4	6	47	4	CA
2132822420	5	10	76	4	CA
2190756366	9	16	294	4	CA
2072005952	1	2	20	4	CA
2432716372	1	1	4	4	CA
2226147246	6	11	92	4	CA
2145669163	3	3	37	4	CA
2144620837	3	3	58	4	CA
2312131677	1	1	1	4	CA
1986549269	2	2	18	4	CA
2226411277	1	3	3	4	CA
2227460186	1	1	17	4	CA
2296142166	2	3	12	4	CA
2463390836	2	7	10	4	CA
234118331	1	2	1	4	CA
2566151644	1	1	5	4	CA
2005950001	4	11	153	4	CA
2143051317	5	19	73	4	CA
2154061598	2	4	27	4	CA
2230870117	4	4	57	4	CA
2334941304	0	1	0	4	CA
2168480246	4	9	47	4	CA
2784518968	1	4	6	4	CA
2226676925	1	2	3	4	CA
2714789742	1	1	2	4	CA
2171890107	3	5	18	4	CA
2665246316	1	2	5	4	CA
2981392435	2	3	11	4	CA
2122871173	2	2	12	4	CA
2964091751	0	1	0	4	CA
2493543407	1	2	9	4	CA
2700112909	4	7	158	4	CA
2043442215	6	8	323	4	CA
2788979954	1	2	3	4	CA
2226681275	2	5	14	4	CA
2231925339	1	1	4	4	CA
1984724204	3	7	22	4	CA
2171108665	4	9	37	4	CA
2974317935	1	1	6	4	CA
2338881817	1	1	13	4	CA
2140439182	1	2	3	4	CA
2650571836	1	1	27	4	CA
2555151665	0	1	0	4	CA
2182121407	3	7	28	4	CA
2224064506	1	1	37	4	CA
214993313	2	3	6	4	CA
2718993097	1	1	1	4	CA
2498007176	1	3	4	4	CA
1999671544	9	21	493	4	CA
2669449592	1	1	15	4	CA
2292748819	3	3	58	4	CA
2232455926	3	4	16	4	CA
2130481950	3	5	37	4	CA
2137822024	1	4	4	4	CA
2329187292	2	2	6	4	CA
1922078034	4	5	111	4	CA
2678363655	1	1	4	4	CA
2117375515	1	5	8	4	CA
2421200479	4	9	172	4	CA
2974848846	1	1	19	4	CA
2003343711	1	1	3	4	CA
2171902668	1	1	2	4	CA
2165086990	1	1	6	4	CA
2032443349	3	6	35	4	CA
2341511152	15	42	850	4	CA
2716902415	1	1	16	4	CA
2605491809	4	4	116	4	CA
2685970290	0	1	0	4	CA
2997135510	0	1	0	4	CA
2128915210	4	6	23	4	CA
2228792299	2	10	26	4	CA
2101915047	2	2	79	4	CA
1491644414	10	20	333	4	CA
2936582512	1	1	11	4	CA
2973807033	1	1	182	4	CA
2231940190	0	1	0	4	CA
2999497958	0	1	0	4	CA
2682565901	1	1	7	4	CA
2892543315	1	1	2	4	CA
2974594447	1	1	8	4	CA
2118170635	6	11	146	4	CA
1444722757	1	1	4	4	CA
2755704986	1	1	3	4	CA
2231155246	1	1	16	4	CA
22854281	10	62	421	4	CA
2153823595	10	19	350	4	CA
2669723031	1	1	16	4	CA
2091433465	1	1	7	4	CA
2228797241	2	3	19	4	CA
2379792341	1	1	4	4	CA
2000208789	1	1	13	4	CA
2149893139	6	26	91	4	CA
2733425806	1	4	3	4	CA
258524551	2	2	18	4	CA
2663957950	0	1	0	4	CA
2421475044	0	3	0	4	CA
2500118339	1	1	25	4	CA
2963326941	1	1	1	4	CA
2277558479	0	1	0	4	CA
2887830538	1	1	3	4	CA
2156186673	6	28	149	4	CA
2553335649	1	1	1	4	CA
2501955456	4	4	67	4	CA
2146488384	2	2	4	4	CA
2307707060	2	2	50	4	CA
2237190335	1	2	45	4	CA
2228016396	3	7	65	4	CA
2661340514	2	7	5	4	CA
2170083117	2	3	77	4	CA
2224609738	1	1	5	4	CA
1996020375	19	70	2474	4	CA
2099567479	3	3	46	4	CA
2344935537	1	1	2	4	CA
2072043828	3	16	103	4	CA
2099306817	4	8	282	4	CA
2715083074	0	1	0	4	CA
2547048994	1	1	1	4	CA
2008868212	2	2	7	4	CA
2101405204	3	19	18	4	CA
2686248609	1	1	2	4	CA
2018306023	1	1	4	4	CA
2057889868	1	3	3	4	CA
2187651273	4	8	105	4	CA
2158291574	6	6	125	4	CA
101510030	7	12	157	4	CA
2034822883	5	10	222	4	CA
2776690412	0	1	0	4	CA
2254237426	3	3	141	4	CA
2121854782	4	13	48	4	CA
2306928911	5	10	65	4	CA
2039542160	11	81	523	4	CA
2743136700	1	1	14	4	CA
2626745955	3	4	282	4	CA
2473130013	1	1	9	4	CA
2229860602	1	5	4	4	CA
2224618377	3	5	31	4	CA
2051603339	2	2	176	4	CA
2102983958	9	17	497	4	CA
2504588625	4	7	45	4	CA
2765421966	1	2	2	4	CA
2672885500	0	1	0	4	CA
2471296869	0	1	0	4	CA
2228813723	1	1	1	4	CA
2404188072	2	2	15	4	CA
2157248616	4	4	140	4	CA
2077033328	2	2	58	4	CA
2106131660	1	1	1	4	CA
2267874607	3	5	29	4	CA
2288322636	1	1	1	4	CA
2973829701	1	1	22	4	CA
2225933108	2	2	12	4	CA
2229865701	1	1	8	4	CA
2222001747	2	2	10	4	CA
2003637116	10	24	481	4	CA
2145981529	6	11	166	4	CA
2667386434	1	1	47	4	CA
2500139027	1	1	25	4	CA
72685727	3	4	33	4	CA
2296715657	0	3	0	4	CA
1266228114	5	7	110	4	CA
2592415123	1	1	23	4	CA
2124489039	2	2	7	4	CA
2166957280	2	3	229	4	CA
2116363538	3	5	59	4	CA
1978739028	3	3	22	4	CA
2160142700	1	3	28	4	CA
2281253635	2	5	9	4	CA
2051353860	3	20	28	4	CA
2047159615	3	3	32	4	CA
2913807860	1	1	2	4	CA
2233021181	6	14	93	4	CA
2599760710	0	1	0	4	CA
2942907252	4	10	48	4	CA
2232235552	1	2	3	4	CA
2545498073	1	1	6	4	CA
2065513211	5	18	125	4	CA
2305113875	2	4	47	4	CA
2974367510	1	1	50	4	CA
2280735285	1	1	14	4	CA
2147828303	1	1	57	4	CA
297353949	1	3	4	4	CA
2462139798	2	3	374	4	CA
2309048274	0	1	0	4	CA
1532315826	8	24	163	4	CA
2104838407	4	4	155	4	CA
2154908212	4	6	71	4	CA
2198162021	1	5	12	4	CA
2323204897	1	1	1	4	CA
2515356592	2	6	15	4	CA
2096450495	5	7	107	4	CA
2288078394	2	3	6	4	CA
2556514463	1	3	5	4	CA
2281525533	1	1	29	4	CA
2974896494	1	1	5	4	CA
2151240063	2	2	204	4	CA
2602128227	4	5	81	4	CA
1262572409	1	1	1	4	CA
2961789888	0	1	0	4	CA
2973586493	2	2	10	4	CA
2925876425	3	3	61	4	CA
2148357826	3	3	63	4	CA
2289130008	1	1	4	4	CA
2227002626	2	2	39	4	CA
396975908	2	5	7	4	CA
2126864165	5	10	162	4	CA
2105368562	1	4	3	4	CA
2952880248	5	16	127	4	CA
2126341887	4	5	107	4	CA
2304600150	1	4	2	4	CA
2108779614	1	3	4	4	CA
2294640088	1	1	3	4	CA
2146004453	8	13	295	4	CA
2172219169	1	1	2	4	CA
2121887976	1	1	15	4	CA
2632544552	1	1	12	4	CA
2982506838	1	1	1	4	CA
2522444202	2	4	13	4	CA
2806347259	1	1	7	4	CA
2839377470	2	2	28	4	CA
2154658706	3	5	78	4	CA
2223078533	1	1	16	4	CA
2000256150	5	12	158	4	CA
2303556784	1	2	5	4	CA
2304081564	1	3	5	4	CA
2562817744	1	1	8	4	CA
2152038427	1	4	7	4	CA
2951315822	2	5	7	4	CA
2327413822	1	3	7	4	CA
246252874	2	7	18	4	CA
2117961663	2	2	27	4	CA
2662173095	2	2	23	4	CA
2157283860	4	10	35	4	CA
1984006973	0	1	0	4	CA
2777779016	2	2	7	4	CA
2311424973	1	3	3	4	CA
2529266667	1	1	4	4	CA
2636221924	1	1	10	4	CA
2699136519	2	2	92	4	CA
2507247197	1	1	51	4	CA
2974650011	1	1	8	4	CA
2536869648	1	1	12	4	CA
2155450523	4	6	109	4	CA
2252182806	10	11	308	4	CA
2225444389	1	1	27	4	CA
2113247469	3	4	21	4	CA
2255854768	2	2	15	4	CA
2138414941	4	9	55	4	CA
1220649387	2	3	17	4	CA
2974393036	2	2	145	4	CA
2641732356	0	1	0	4	CA
2166203254	1	2	3	4	CA
2225972395	3	4	63	4	CA
2477892894	1	1	9	4	CA
2226497222	1	1	38	4	CA
2585634506	3	5	33	4	CA
339846866	2	4	108	4	CA
2654054612	1	1	3	4	CA
228436850	7	11	318	4	CA
2115611552	5	19	48	4	CA
2666638684	2	3	10	4	CA
2002628379	3	4	41	4	CA
2193469268	1	3	8	4	CA
2077077549	1	1	2	4	CA
2891559050	1	3	6	4	CA
2306716057	1	3	2	4	CA
2592977626	0	1	0	4	CA
2310910861	1	2	6	4	CA
2164110261	4	7	36	4	CA
2413410645	0	1	0	4	CA
2018359886	2	2	16	4	CA
2088877392	9	9	5745	4	CA
2304884153	2	2	26	4	CA
2150219299	2	2	37	4	CA
2298593450	5	5	83	4	CA
2441200848	2	9	14	4	CA
306038222	6	28	100	4	CA
2476590642	2	2	29	4	CA
2222311349	1	1	4	4	CA
2169096136	2	11	32	4	CA
2147076048	6	12	307	4	CA
306563051	7	13	206	4	CA
2402142457	1	2	13	4	CA
2280508703	1	1	2	4	CA
2974403942	1	1	3	4	CA
2227031443	2	2	51	4	CA
2524303235	0	2	0	4	CA
2228342750	1	1	12	4	CA
2558644349	4	5	233	4	CA
2280772532	1	1	2	4	CA
2151011293	5	15	147	4	CA
2973881334	1	1	1	4	CA
257807660	1	1	1	4	CA
2250888806	1	1	9	4	CA
2049300273	7	8	145	4	CA
2150226115	5	7	89	4	CA
2231753015	0	1	0	4	CA
1958861352	1	2	7	4	CA
2306202289	1	1	21	4	CA
2171461227	5	7	72	4	CA
2135285517	3	3	29	4	CA
2225987750	1	1	3	4	CA
2716983544	1	1	72	4	CA
2116936085	1	1	8	4	CA
2654593432	1	1	3	4	CA
2723013258	1	1	4	4	CA
2069227418	5	12	132	4	CA
2157308213	2	2	17	4	CA
2224679891	0	1	0	4	CA
2547117158	1	1	8	4	CA
2225728902	3	3	61	4	CA
2600332709	3	7	139	4	CA
2125589986	3	8	44	4	CA
2228088715	1	2	7	4	CA
2142892255	1	1	14	4	CA
2302800321	1	1	3	4	CA
2093085301	8	30	234	4	CA
2344481500	2	2	22	4	CA
2687890386	2	2	26	4	CA
2618422836	1	1	1	4	CA
2138175168	1	1	14	4	CA
2149185609	2	2	37	4	CA
2127952398	2	2	71	4	CA
2145516232	6	33	141	4	CA
2230451810	2	2	32	4	CA
2984640591	1	1	1	4	CA
2974155132	1	1	16	4	CA
2223374850	1	1	16	4	CA
2223899146	2	2	33	4	CA
2099643152	3	4	139	4	CA
2637825527	2	2	92	4	CA
2396391477	2	4	8	4	CA
2660108364	1	1	2	4	CA
2987264466	0	1	0	4	CA
2327448437	0	1	0	4	CA
2019168743	1	2	3	4	CA
2422084428	2	2	36	4	CA
2127959057	1	1	4	4	CA
2779912493	2	3	57	4	CA
319430570	16	39	2293	4	CA
2951880670	1	2	11	4	CA
2138710830	8	16	274	4	CA
2974425922	0	1	0	4	CA
2223383421	1	1	4	4	CA
1988765114	8	24	226	4	CA
2118526737	4	11	63	4	CA
2811373376	3	9	61	4	CA
2515413072	1	2	3	4	CA
1608919344	1	2	5	4	CA
2777295259	3	3	106	4	CA
2422876995	3	3	89	4	CA
2766023558	1	3	1	4	CA
2575707941	1	1	29	4	CA
1066545434	3	3	24	4	CA
2608738739	1	1	4	4	CA
2274505737	3	5	23	4	CA
2974168340	1	1	2	4	CA
1489909419	12	20	723	4	CA
2109093707	6	12	90	4	CA
1251359189	4	6	83	4	CA
2683451894	1	1	11	4	CA
2234137147	2	2	9	4	CA
2974431857	1	1	1	4	CA
2054831321	7	11	118	4	CA
2282372332	1	1	8	4	CA
2420784497	0	1	0	4	CA
2757377866	1	2	9	4	CA
1542864939	1	1	3	4	CA
2582790256	2	3	15	4	CA
2764456198	1	1	1	4	CA
2974433832	1	1	2	4	CA
2738504716	1	1	15	4	CA
2110407962	1	1	5	4	CA
2432059168	1	1	3	4	CA
2138982630	1	3	25	4	CA
2696301176	1	1	20	4	CA
2231520259	2	2	11	4	CA
2333757253	1	2	2	4	CA
2974437269	1	1	12	4	CA
2134003736	4	7	45	4	CA
2482393811	1	3	8	4	CA
2245415714	3	4	47	4	CA
1901483110	2	3	9	4	CA
2946913616	1	1	17	4	CA
2725926299	2	3	15	4	CA
2158122590	1	1	36	4	CA
2799064690	0	3	0	4	CA
2556581498	1	2	1	4	CA
2395888506	1	1	91	4	CA
2109889438	10	22	248	4	CA
2809814145	3	3	14	4	CA
2973392234	1	1	15	4	CA
2223922918	4	5	50	4	CA
2228380048	2	3	45	4	CA
2103861792	1	1	50	4	CA
2044879401	2	4	9	4	CA
2161009539	2	2	29	4	CA
2973393966	1	1	11	4	CA
1985374001	1	3	14	4	CA
2286315540	1	1	10	4	CA
2973395012	1	1	9	4	CA
2114087087	3	5	54	4	CA
2951375229	0	2	0	4	CA
2443602536	2	2	33	4	CA
2254859222	2	3	26	4	CA
2893442297	1	1	41	4	CA
2133749001	1	1	12	4	CA
2037805166	2	4	36	4	CA
2779410865	1	2	3	4	CA
204370774	2	3	33	4	CA
1967027102	1	2	20	4	CA
2617668768	1	1	17	4	CA
2925426110	0	1	0	4	CA
2193258044	5	14	142	4	CA
2973660889	2	3	10	4	CA
2404546717	2	5	10	4	CA
2311223938	1	1	3	4	CA
2172288087	21	90	1266	4	CA
2227864343	8	13	256	4	CA
2023393445	2	3	4	4	CA
2401929516	0	1	0	4	CA
1736346124	3	10	20	4	CA
1895729745	1	1	10	4	CA
2399570666	1	1	3	4	CA
2973404262	1	1	49	4	CA
2105183702	4	6	115	4	CA
2701037822	1	1	1	4	CA
2160497310	1	1	48	4	CA
2693437524	2	2	62	4	CA
211459910	2	2	10	4	CA
39231848	4	4	168	4	CA
2001904062	4	5	22	4	CA
2351866452	0	1	0	4	CA
2528551623	1	1	2	4	CA
2699207439	2	2	21	4	CA
2974196740	1	1	15	4	CA
2949555528	1	1	1	4	CA
2007147871	4	6	39	4	CA
300590477	4	5	107	4	CA
2109384157	0	2	0	4	CA
2314905432	2	2	49	4	CA
2641537534	1	1	1	4	CA
2408229732	1	2	1	4	CA
2116987777	3	5	31	4	CA
2763173254	0	2	0	4	CA
2569186783	1	1	6	4	CA
2274537359	1	1	11	4	CA
1267904864	2	3	10	4	CA
2485564382	1	1	5	4	CA
2122496116	5	7	242	4	CA
2232596804	1	1	1	4	CA
2973940072	1	1	30	4	CA
2278210601	1	1	9	4	CA
2761604648	1	2	2	4	CA
1892335299	1	4	1	4	CA
287489753	4	9	55	4	CA
2768158662	0	1	0	4	CA
1884733601	1	1	10	4	CA
2617689051	1	1	15	4	CA
2497365742	1	1	9	4	CA
2345584709	1	1	5	4	CA
2225522926	0	1	0	4	CA
2973944781	0	1	0	4	CA
2894777625	0	1	0	4	CA
140431053	10	14	267	4	CA
197054487	3	4	165	4	CA
2766852568	1	3	1	4	CA
1840698362	3	7	41	4	CA
1966527858	4	5	42	4	CA
2273760663	2	3	21	4	CA
2497632009	1	1	26	4	CA
2974734441	4	7	75	4	CA
1138679159	4	12	50	4	CA
2106514848	1	2	21	4	CA
2148983072	1	5	6	4	CA
2632114544	7	10	271	4	CA
2304696998	6	18	82	4	CA
2051204009	8	14	147	4	CA
2564482857	1	2	12	4	CA
2939873893	3	6	52	4	CA
2225269783	2	2	74	4	CA
2973953166	1	1	1	4	CA
2159210622	1	3	3	4	CA
2973430093	2	2	30	4	CA
2157900262	4	7	318	4	CA
2260662660	3	12	27	4	CA
2707880617	1	1	7	4	CA
2097609555	0	1	0	4	CA
2990472193	0	1	0	4	CA
2548759675	1	1	2	4	CA
2973433186	1	1	1	4	CA
173997496	6	9	320	4	CA
1989870126	2	3	32	4	CA
2792031395	4	5	79	4	CA
311362728	4	5	215	4	CA
2138244512	9	18	307	4	CA
2798323153	4	9	43	4	CA
2230782095	1	1	11	4	CA
227215523	1	1	19	4	CA
2223442200	1	2	2	4	CA
2534083341	1	1	2	4	CA
2578910097	0	1	0	4	CA
2418740252	1	1	2	4	CA
2670137172	1	1	1	4	CA
2674855833	2	3	22	4	CA
2581794763	2	3	18	4	CA
2805141536	3	5	49	4	CA
350687312	2	9	8	4	CA
2132742534	2	2	54	4	CA
2653623206	2	3	23	4	CA
1974670347	9	30	265	4	CA
2207979977	4	7	37	4	CA
1903107284	1	2	4	4	CA
2504991098	4	6	49	4	CA
2041520888	3	4	28	4	CA
8332051	7	24	275	4	CA
2974491977	3	4	33	4	CA
2436048334	1	2	1	4	CA
2606966372	1	1	24	4	CA
2981570430	0	1	0	4	CA
2718902228	2	2	10	4	CA
132327940	1	1	24	4	CA
2951949111	2	3	52	4	CA
2304192243	5	5	208	4	CA
2004561762	2	3	19	4	CA
2574200858	1	2	2	4	CA
2119119725	1	2	10	4	CA
2321232843	0	1	0	4	CA
2000106638	12	31	386	4	CA
2346661155	1	2	5	4	CA
2165519937	13	37	1359	4	CA
2143237842	2	2	14	4	CA
2431597172	1	2	1	4	CA
2566601390	1	1	63	4	CA
2549300026	1	1	128	4	CA
2973711817	0	1	0	4	CA
2776055356	8	26	177	4	CA
2973974190	1	1	21	4	CA
2567126753	1	2	1	4	CA
2231844664	4	5	215	4	CA
2678013782	1	1	12	4	CA
2973713226	1	1	34	4	CA
2101560175	2	4	20	4	CA
260785328	2	2	17	4	CA
2703967843	2	2	54	4	CA
2645771882	1	1	1	4	CA
2640005268	1	1	4	4	CA
2082163523	2	3	9	4	CA
1077365617	7	16	202	4	CA
2471971885	2	2	8	4	CA
2402241674	1	1	2	4	CA
2163166904	1	1	1	4	CA
2166312910	4	5	73	4	CA
2551140745	1	1	21	4	CA
2128040691	2	2	45	4	CA
2225821073	1	2	3	4	CA
2018466153	4	5	72	4	CA
2918668658	1	2	2	4	CA
2501860194	4	6	240	4	CA
2225298304	1	1	33	4	CA
2917882888	3	3	47	4	CA
2234736175	2	2	39	4	CA
2558484169	0	1	0	4	CA
1963417441	2	4	15	4	CA
2638962924	3	3	42	4	CA
1515677225	2	2	29	4	CA
153315539	1	2	1	4	CA
2565564956	1	6	7	4	CA
2433182822	2	2	6	4	CA
2703715681	1	1	14	4	CA
2106289590	4	7	51	4	CA
2641849864	1	1	2	4	CA
2119659205	3	4	22	4	CA
2648665825	2	2	15	4	CA
1963683667	3	4	123	4	CA
2063298410	2	3	39	4	CA
2645520339	1	1	17	4	CA
2223468910	1	2	4	4	CA
2099475233	2	5	46	4	CA
1251439936	8	15	198	4	CA
2285336184	8	17	511	4	CA
2309192667	6	6	629	4	CA
2984475662	7	10	228	4	CA
2600697010	1	1	8	4	CA
2607514043	1	1	3	4	CA
2223997766	3	4	402	4	CA
2517599223	2	6	22	4	CA
2574484932	1	1	27	4	CA
2590739208	3	4	20	4	CA
2472512436	2	2	78	4	CA
2344586199	2	2	48	4	CA
2574749045	4	15	80	4	CA
2302644002	3	4	34	4	CA
2586021762	0	1	0	4	CA
2104987772	1	5	3	4	CA
2294256170	3	8	15	4	CA
2983170905	1	1	1	4	CA
2618792151	3	5	81	4	CA
2302646758	4	6	384	4	CA
2630326909	1	1	2	4	CA
2104466703	1	1	10	4	CA
2222431547	2	6	24	4	CA
1170710534	6	10	116	4	CA
2287444305	1	2	11	4	CA
2903220774	0	2	0	4	CA
2091098972	3	3	60	4	CA
2071963075	3	4	37	4	CA
2691409893	3	3	69	4	CA
2131470484	1	1	2	4	CA
2519444076	1	1	9	4	CA
2572135647	1	1	5	4	CA
2762976946	1	1	1	4	CA
2232397692	4	11	47	4	CA
2226369752	1	1	12	4	CA
192919066	2	3	5	4	CA
2167388113	2	2	10	4	CA
2972956924	0	2	0	4	CA
2009053579	2	2	54	4	CA
2322577842	3	8	57	4	CA
1995684484	1	1	16	4	CA
2984229962	1	1	15	4	CA
2309209449	5	9	60	4	CA
2474884627	1	1	47	4	CA
2088222252	2	2	10	4	CA
2612772844	0	1	0	4	CA
2232139777	1	1	5	4	CA
2426389356	2	2	21	4	CA
2133312486	8	16	245	4	CA
2654718282	1	1	4	4	CA
2054932816	1	5	31	4	CA
1849412483	0	1	0	4	CA
2675953222	3	3	68	4	CA
2154549376	2	2	38	4	CA
2432684751	1	1	33	4	CA
2000672066	1	1	3	4	CA
2630079935	0	1	0	4	CA
2966148548	1	1	4	4	CA
2231621349	3	8	36	4	CA
2121258908	1	3	2	4	CA
2039732376	2	2	50	4	CA
2309216709	1	2	5	4	CA
2038160293	3	4	20	4	CA
2114444454	3	6	17	4	CA
2481971878	1	1	3	4	CA
2760893389	1	1	17	4	CA
2345395228	1	1	5	4	CA
2229790314	3	3	19	4	CA
2121001458	4	6	28	4	CA
2303716074	0	1	0	4	CA
2033445780	5	7	56	4	CA
2922114780	1	4	1	4	CA
2046029594	2	2	12	4	CA
2161897422	6	6	260	4	CA
2973495557	1	2	17	4	CA
2956194356	1	2	1	4	CA
6550251	4	9	152	4	CA
2420634559	1	3	2	4	CA
1225258042	4	15	41	4	CA
2653942873	1	1	6	4	CA
2222191765	1	1	2	4	CA
2003040009	1	1	17	4	CA
2307651417	11	29	366	4	CA
1968699434	4	20	53	4	CA
2974546019	2	3	1410	4	CA
2305030572	2	3	6	4	CA
1515714989	1	2	2	4	CA
2425093011	1	1	16	4	CA
2974022561	1	1	19	4	CA
2585787340	1	1	217	4	CA
2951741168	1	6	3	4	CA
2318795053	1	1	34	5	CA
2792883303	1	3	13	5	CA
2700609523	1	1	3	5	CA
2612135950	2	3	4	5	CA
2047872048	1	1	15	5	CA
1991249238	3	3	23	5	CA
2300318051	2	2	14	5	CA
2551714272	1	1	10	5	CA
1503009298	1	1	19	5	CA
2786073699	1	4	4	5	CA
2267160111	1	1	14	5	CA
2307530581	1	1	8	5	CA
2321031534	0	2	0	5	CA
2330861967	0	1	0	5	CA
2144217019	4	5	74	5	CA
2598643682	1	1	1	5	CA
2162174329	1	1	2	5	CA
2244750279	1	1	3	5	CA
818426394	3	9	35	5	CA
2636397392	1	1	3	5	CA
2306620371	1	1	4	5	CA
2305965076	1	1	16	5	CA
2774154739	0	1	0	5	CA
2261008465	1	4	2	5	CA
2142782546	3	12	44	5	CA
2303214746	1	2	2	5	CA
2048673521	1	3	4	5	CA
2303346445	1	1	13	5	CA
236078929	5	5	256	5	CA
2898282374	0	1	0	5	CA
2651605139	1	1	3	5	CA
2203863336	1	1	1	5	CA
2518436966	1	1	4	5	CA
2655145220	4	6	226	5	CA
2560643361	0	1	0	5	CA
2723959914	1	1	27	5	CA
2980339501	1	1	9	5	CA
2659738385	1	2	9	5	CA
2973656229	1	1	356	5	CA
2058512488	1	1	16	5	CA
2505992856	1	2	2	5	CA
2884397794	1	1	1	5	CA
2071228521	5	11	82	5	CA
29783158	5	10	65	5	CA
2805102930	1	2	5	5	CA
2554363238	1	1	1	5	CA
2198372536	1	1	18	5	CA
2671936925	1	1	1	5	CA
1487177350	0	2	0	5	CA
1133546283	1	1	11	5	CA
715033438	1	2	1	5	CA
1996918118	11	15	2108	5	CA
2293403181	1	2	4	5	CA
2492370673	1	2	12	5	CA
2304151286	1	1	52	5	CA
2226032683	1	1	6	5	CA
2577438718	1	1	22	5	CA
2471663891	1	1	8	5	CA
2181077579	5	6	100	5	CA
2588450223	1	1	7	5	CA
2658443058	1	1	23	5	CA
2971967508	2	2	85	5	CA
253141203	1	2	40	5	CA
2282398571	1	2	31	5	CA
2043325176	0	2	0	5	CA
1969271435	1	1	2	5	CA
2287252396	0	2	0	5	CA
2672735766	1	4	3	5	CA
2151856178	1	1	14	5	CA
2813509891	0	1	0	5	CA
2628045772	1	1	1	5	CA
2574045062	1	4	15	5	CA
2800537594	1	2	1	5	CA
2051199060	1	2	13	5	CA
2977355331	1	1	1	5	CA
2686769618	1	1	5	5	CA
2530532781	1	2	24	5	CA
2245713837	1	1	9	5	CA
2220156571	2	2	11	5	CA
2584406032	1	1	20	5	CA
2671700282	0	1	0	5	CA
2784030805	0	1	0	5	CA
2673537208	1	1	3	5	CA
2607346690	1	1	5	5	CA
2181626540	1	1	20	5	CA
2661743915	1	1	4	5	CA
2974875190	0	1	0	5	CA
160759925	4	4	168	5	CA
2215444644	0	1	0	5	CA
2111112748	2	2	15	5	CA
2223572683	2	2	6	5	CA
2114128439	1	7	5	5	CA
1966935564	2	5	37	5	CA
2103253160	1	1	2	5	CA
1994070731	1	1	3	5	CA
2310740968	4	8	52	5	CA
436018736	2	2	37	5	CA
2279023115	1	2	8	5	CA
2168924520	1	3	9	5	CA
2036411592	1	1	2	5	CA
2612342641	1	5	4	5	CA
2974889642	1	1	29	5	CA
2635807099	0	1	0	5	CA
743127978	2	4	130	5	CA
290143790	1	1	23	5	CA
2798730924	1	4	2	5	CA
2626764968	4	5	117	5	CA
2150056275	5	5	632	5	CA
2294497896	1	1	201	5	CA
2979087909	0	1	0	5	CA
2760984748	0	1	0	5	CA
2585348629	2	8	10	5	CA
2230537254	1	1	6	5	CA
2038911050	2	2	61	5	CA
2991149141	1	1	23	5	CA
2423345300	1	1	57	5	CA
2103398950	1	1	6	5	CA
2143769225	3	3	67	5	CA
2310623954	4	8	124	5	CA
2975159002	0	1	0	5	CA
2310755095	2	3	15	5	CA
2559924118	1	1	12	5	CA
2230147493	1	1	29	5	CA
2891930472	0	1	0	5	CA
2442877889	1	1	1	5	CA
2802148159	1	1	2	5	CA
1994482689	1	1	62	5	CA
2496751383	2	2	31	5	CA
2783143999	0	1	0	5	CA
2616159249	1	1	30	5	CA
2147708483	2	4	4	5	CA
2974510700	2	2	75	5	CA
2488233929	1	1	1	5	CA
2650632869	1	1	2	5	CA
2897835354	0	2	0	5	CA
2716694489	1	1	1	5	CA
2096855722	3	4	24	5	CA
2120841993	3	3	61	5	CA
2677636911	1	1	7	5	CA
2122809483	1	1	35	5	CA
2498724421	0	1	0	5	CA
1968669736	1	1	4	5	CA
2230813760	1	1	2	5	CA
2092402896	1	2	14	5	CA
2966915944	1	2	1	5	CA
2287439165	1	1	3	5	CA
2171310326	1	2	1	5	CA
128815561	1	2	20	5	CA
2789839591	4	5	94	5	CA
2789972271	0	1	0	5	CA
2022284043	1	1	7	5	CA
910663234	1	1	11	5	CA
199860149	1	2	14	5	CA
2557583329	2	2	9	5	CA
2434114016	1	1	1	5	CA
2654315959	0	1	0	5	CA
2149689302	3	7	78	5	CA
2252581388	1	2	3	5	CA
2561387287	1	1	19	5	CA
2289414338	4	7	230	5	CA
2489694396	1	1	11	5	CA
2474752985	1	1	5	5	CA
2745810019	1	1	1	5	CA
2542255403	1	1	21	5	CA
2783298034	1	1	3	5	CA
2225587235	1	1	2	5	CA
189911702	1	2	2	5	CA
2923945494	0	1	0	5	CA
1999888056	9	36	238	5	CA
2614092437	0	1	0	5	CA
2165958113	2	5	14	5	CA
2766399416	1	1	1	5	CA
2184833410	1	1	10	5	CA
2964711870	1	1	6	5	CA
2179853441	2	2	29	5	CA
2793402051	0	1	0	5	CA
2277633904	1	4	3	5	CA
2162684000	4	5	89	5	CA
730854524	0	1	0	5	CA
2002384289	7	9	182	5	CA
2885910747	0	1	0	6	CA
2159706413	0	2	0	6	CA
2574780325	0	1	0	6	CA
2511637951	1	1	20	6	CA
2230555305	2	9	8	6	CA
1911003505	1	1	11	6	CA
2973768107	1	1	19	6	CA
2623347576	1	2	3	6	CA
2656116095	1	1	4	6	CA
2913246701	1	1	1	6	CA
2633868071	1	1	7	6	CA
2974819645	1	1	9	6	CA
2482513681	1	3	2	6	CA
2973804816	1	1	1	6	CA
2077960497	1	4	16	6	CA
2627482108	1	1	4	6	CA
2980824083	1	1	76	6	CA
2974173326	3	3	24	6	CA
294507314	2	5	22	6	CA
2149471214	1	2	40	6	CA
2971359188	0	1	0	6	CA
2100353828	1	1	10	6	CA
1975410360	0	1	0	6	CA
1509451454	4	5	427	6	CA
2056939532	1	3	2	6	CA
2111432797	2	2	12	6	CA
2648074985	1	1	1	6	CA
2891771770	0	2	0	6	CA
2118546512	4	8	33	6	CA
2612099856	1	1	2	6	CA
147645515	1	2	3	7	CA
2494145624	0	1	0	7	CA
2571203117	0	1	0	7	CA
2762953450	1	1	1	7	CA
2679559163	1	1	1	7	CA
2762185020	1	1	1	7	CA
2997844322	0	1	0	7	CA
2098910421	35	112	10779	0	CA
161269817	119	621	114621	0	CA
563069026	100	245	107922	0	CA
