8200839	21	92	1349	2	CZ
2572985380	10	31	386	2	CZ
1492989083	23	110	1622	2	CZ
245380465	32	139	3994	2	CZ
2130294491	2	3	7	2	CZ
2096217721	10	48	291	2	CZ
261932608	21	96	2284	2	CZ
179426798	12	53	450	2	CZ
1845058341	23	133	1749	2	CZ
2120309671	16	79	888	2	CZ
2947810820	0	2	0	3	CZ
1769342620	3	3	30	3	CZ
1972373170	10	24	390	3	CZ
2526808399	1	1	4	3	CZ
223878915	10	30	351	3	CZ
16393262	17	66	1005	3	CZ
1761617457	4	7	110	3	CZ
2057321115	14	31	459	3	CZ
2748465091	3	4	24	3	CZ
166346930	3	4	24	3	CZ
2083012806	6	13	87	3	CZ
2082357940	7	16	173	3	CZ
1436304608	12	21	527	3	CZ
2116440222	6	47	145	3	CZ
2597475698	3	15	37	3	CZ
2607705234	5	14	70	3	CZ
2096918007	6	13	73	3	CZ
284587125	2	3	6	3	CZ
2111861984	12	74	497	3	CZ
2502325872	6	17	183	3	CZ
331121140	4	4	105	3	CZ
1638696754	4	7	107	3	CZ
2159315951	14	62	638	3	CZ
2090505084	3	9	22	3	CZ
2572719128	0	1	0	3	CZ
2151061353	5	10	165	3	CZ
126262084	11	29	405	3	CZ
2140840629	16	52	862	3	CZ
2688591897	1	1	3	3	CZ
2336271002	2	6	30	3	CZ
133081883	6	34	69	3	CZ
1990372160	6	9	134	3	CZ
2318707627	2	8	20	3	CZ
2803150701	1	1	6	3	CZ
2085269486	11	37	436	3	CZ
2281354062	11	74	331	3	CZ
1806088294	4	7	50	3	CZ
2226174394	4	6	128	3	CZ
2013445549	2	2	49	3	CZ
1971765755	3	5	77	3	CZ
1606207845	5	11	62	3	CZ
2557528563	6	12	73	3	CZ
2979842826	0	1	0	3	CZ
1131465748	7	22	207	3	CZ
2022101278	2	5	148	3	CZ
1798755001	10	29	298	3	CZ
1079567514	8	33	218	3	CZ
2008475654	7	11	205	3	CZ
2149117298	6	29	252	3	CZ
2308372007	4	7	67	3	CZ
1979513839	6	8	134	3	CZ
1969032849	11	78	514	3	CZ
907746617	3	3	29	3	CZ
2310088787	11	87	487	3	CZ
2809210983	22	60	1787	3	CZ
2509057993	1	1	2	3	CZ
287126715	8	41	454	3	CZ
519128093	3	5	63	3	CZ
157107609	9	20	233	3	CZ
2120831594	10	23	337	3	CZ
117921629	6	38	120	3	CZ
2251513123	5	19	94	3	CZ
1211457966	8	27	169	3	CZ
2633983409	8	26	138	3	CZ
2968088114	0	1	0	3	CZ
2803593824	1	1	6	3	CZ
2893906441	0	1	0	3	CZ
1520404162	4	14	59	3	CZ
2307491780	21	73	2332	3	CZ
2954725340	0	1	0	3	CZ
2178520555	3	6	32	3	CZ
2967051366	0	1	0	3	CZ
1972612757	6	11	108	3	CZ
400406125	11	57	465	3	CZ
1998436870	4	8	153	3	CZ
1977073230	4	7	98	3	CZ
2792865579	2	5	41	3	CZ
2072889827	3	5	27	3	CZ
2111819896	13	38	589	3	CZ
185717779	3	45	51	3	CZ
2011029947	7	23	211	3	CZ
1531309752	7	10	188	3	CZ
2119692705	8	49	237	3	CZ
2739532674	1	2	1	3	CZ
2323772637	4	11	26	3	CZ
2090466180	2	2	9	3	CZ
41946490	3	4	43	4	CZ
1968443742	5	18	93	4	CZ
2666011819	3	3	50	4	CZ
2208311426	4	9	28	4	CZ
1555579349	1	7	3	4	CZ
2702722642	1	1	3	4	CZ
2491959310	0	2	0	4	CZ
2569030017	1	1	5	4	CZ
218912389	0	1	0	4	CZ
2048416876	3	7	29	4	CZ
1944348037	2	9	17	4	CZ
2973789052	1	1	17	4	CZ
2152233194	9	23	283	4	CZ
182224198	8	26	199	4	CZ
2556200416	0	2	0	4	CZ
2135722124	2	3	9	4	CZ
2026413226	6	8	87	4	CZ
2526064798	1	1	2	4	CZ
2027207757	0	3	0	4	CZ
2798961980	1	1	10	4	CZ
2276509557	1	1	1	4	CZ
35705975	3	4	19	4	CZ
2923491363	3	3	25	4	CZ
921236719	4	7	18	4	CZ
2500396723	1	1	4	4	CZ
1980566278	3	9	27	4	CZ
2102202191	2	2	26	4	CZ
2394757327	2	12	17	4	CZ
2973315679	1	1	4	4	CZ
95762921	3	8	22	4	CZ
2222013133	0	1	0	4	CZ
2253209148	3	10	19	4	CZ
2727429604	1	1	2	4	CZ
2914864401	0	1	0	4	CZ
817189929	3	5	23	4	CZ
2557304873	0	1	0	4	CZ
2276027322	1	1	11	4	CZ
2441178930	3	5	26	4	CZ
2586932706	2	2	18	4	CZ
2004187488	1	2	37	4	CZ
2222554893	2	2	5	4	CZ
2543160057	1	1	2	4	CZ
2223607428	3	7	14	4	CZ
2222041217	1	2	3	4	CZ
2888935908	1	1	1	4	CZ
2396892545	1	6	3	4	CZ
2543956425	3	3	65	4	CZ
204069227	9	22	352	4	CZ
2162287914	2	7	12	4	CZ
133032364	0	2	0	4	CZ
2559961945	0	2	0	4	CZ
2634938487	2	2	17	4	CZ
2466125566	2	4	32	4	CZ
204871913	3	5	17	4	CZ
173415055	6	17	78	4	CZ
2614238676	1	1	2	4	CZ
2599310655	2	5	12	4	CZ
2474532132	1	1	1	4	CZ
2110677110	5	9	78	4	CZ
2767349362	1	12	6	4	CZ
2974706792	1	1	4	4	CZ
2973923596	1	1	4	4	CZ
2741143816	1	5	3	4	CZ
2113047274	1	1	2	4	CZ
2080282628	1	1	5	4	CZ
2670106950	1	1	10	4	CZ
12230656	11	35	352	4	CZ
2520428500	0	1	0	4	CZ
196524093	2	5	12	4	CZ
2224209287	1	1	4	4	CZ
2275073492	1	1	14	4	CZ
2746147281	0	2	0	4	CZ
2770788968	2	7	8	4	CZ
2587289562	1	1	7	4	CZ
2230782538	1	2	1	4	CZ
2052530554	4	13	49	4	CZ
2082678202	2	5	5	4	CZ
2115972816	1	3	4	4	CZ
2320445213	1	1	8	4	CZ
559624728	8	12	303	4	CZ
2973975272	1	1	2	4	CZ
2415871888	0	2	0	4	CZ
2681687145	2	4	9	4	CZ
2060931633	2	5	13	4	CZ
2124370896	3	3	17	4	CZ
2398051000	2	2	38	4	CZ
2497403677	2	4	24	4	CZ
2780522203	1	1	5	4	CZ
2021617631	1	2	8	4	CZ
2768207507	3	10	16	4	CZ
194480700	1	3	9	4	CZ
7574581	4	12	54	4	CZ
2232392970	1	1	10	4	CZ
278371910	2	4	18	4	CZ
2078516183	9	23	289	4	CZ
1831577790	7	70	169	4	CZ
1458810243	3	7	36	4	CZ
1676392751	3	6	18	4	CZ
1834990287	5	16	148	4	CZ
2656294450	3	4	27	4	CZ
2009847521	2	3	40	4	CZ
2041043009	2	3	25	4	CZ
2231099452	0	1	0	4	CZ
325312810	5	21	80	4	CZ
2034230334	4	18	38	4	CZ
2222450237	1	1	1	4	CZ
591655507	1	1	13	4	CZ
2666001399	1	1	7	4	CZ
2653682110	1	1	10	4	CZ
2769026005	2	6	7	4	CZ
2912420349	0	1	0	5	CZ
2739798859	0	1	0	5	CZ
2780567465	0	1	0	5	CZ
2227720983	1	4	8	5	CZ
2425777631	5	6	46	5	CZ
2507704075	1	1	2	5	CZ
2059452135	1	2	3	5	CZ
2904212867	1	1	1	5	CZ
2899635119	1	2	2	5	CZ
2614820393	0	1	0	5	CZ
2244810403	2	4	8	5	CZ
2746686562	1	2	1	5	CZ
2623353568	1	1	2	5	CZ
2633321157	1	1	5	5	CZ
2078627093	1	2	95	5	CZ
250311478	4	60	1038	5	CZ
2749338907	1	1	1	5	CZ
2471468185	1	4	8	5	CZ
2746594448	1	1	1	5	CZ
2138029223	0	1	0	5	CZ
1977861648	0	2	0	5	CZ
2744113905	1	2	1	5	CZ
2638652551	1	1	7	6	CZ
432037571	1	1	7	6	CZ
