1208922185	6	12	75	1	DE
2086393978	38	202	6131	1	DE
2118168888	35	315	5095	1	DE
137675174	8	19	259	1	DE
2168367594	23	111	1602	1	DE
247353998	44	110	16761	1	DE
2509101809	18	31	13637	1	DE
2949419894	2	4	117	1	DE
512556102	51	471	11848	1	DE
2038785220	19	119	1439	1	DE
2155478217	18	47	1798	1	DE
2429593215	2	6	912	1	DE
2103240375	8	30	2977	1	DE
1977790142	25	151	2568	1	DE
2283960162	20	120	1786	1	DE
2169524188	27	102	2366	1	DE
2591228027	10	24	388	2	DE
2098430168	22	84	1412	2	DE
69337491	14	46	827	2	DE
1253901257	1	4	7	2	DE
1989182473	19	61	1774	2	DE
1637647484	2	6	10	2	DE
2164491459	8	9	284	2	DE
2952660167	6	25	147	2	DE
1228047854	17	40	1464	2	DE
2133100265	10	50	449	2	DE
54036230	17	141	870	2	DE
2101118822	1	2	1	2	DE
2098333637	12	24	466	2	DE
2559346676	10	31	432	2	DE
2113079414	2	4	20	2	DE
224790940	5	13	76	2	DE
1990986594	25	70	2442	2	DE
2145586035	35	202	3909	2	DE
2228849657	1	1	2	2	DE
2279345594	7	10	347	2	DE
707694137	33	87	4397	2	DE
1949044288	14	28	903	2	DE
2974060233	1	1	3	2	DE
2630618982	6	9	151	2	DE
2081132536	8	10	492	2	DE
1964871710	5	27	100	2	DE
106893412	6	25	109	2	DE
702845052	14	20	554	2	DE
1189187856	8	14	221	2	DE
2099319083	3	4	40	2	DE
119050547	25	133	2377	2	DE
2142703998	3	8	97	2	DE
2251133430	1	1	19	2	DE
2051084922	20	286	1954	2	DE
2149880524	9	69	404	2	DE
672764664	25	107	3463	2	DE
2075956027	108	294	53820	2	DE
2558072121	5	31	79	2	DE
2122159418	30	122	2706	2	DE
2130515345	6	9	305	2	DE
2173212142	5	6	225	2	DE
2144311098	13	42	603	2	DE
2141525936	9	24	228	2	DE
2342950840	33	133	3619	2	DE
2657294478	0	1	0	2	DE
213850259	31	163	2833	2	DE
2146670742	3	5	27	2	DE
1933646026	6	8	186	2	DE
2632423725	1	1	4	2	DE
2780240256	1	1	17	2	DE
25959246	10	17	499	2	DE
2009930585	4	7	38	2	DE
2169445280	18	45	1063	2	DE
10624067	5	26	159	2	DE
42605653	38	175	7892	2	DE
2507906283	7	12	119	2	DE
1241882082	4	10	45	2	DE
2507644426	5	7	159	2	DE
2986876532	6	16	151	2	DE
1912643339	7	13	146	2	DE
233906090	9	24	314	2	DE
2245566436	4	19	291	2	DE
2163941406	37	87	5582	2	DE
2111611200	17	28	2804	2	DE
222863769	5	9	575	2	DE
799351439	6	12	93	2	DE
201106088	26	146	3973	2	DE
2121442106	8	13	369	2	DE
1978934132	11	19	552	2	DE
169354219	5	14	59	2	DE
254158114	8	20	407	2	DE
2143528446	11	46	455	2	DE
2165712392	3	10	46	2	DE
2746197547	1	2	5	2	DE
2125440707	6	13	147	2	DE
2073339866	9	11	522	2	DE
2893260872	8	20	283	2	DE
2778114135	10	28	378	2	DE
2017241201	12	45	695	2	DE
2620041422	18	92	1399	2	DE
2288920882	15	79	704	2	DE
1937779059	12	26	446	2	DE
2487101968	3	3	45	2	DE
2952080177	5	10	138	2	DE
2558602459	9	23	256	2	DE
2230037816	5	16	47	2	DE
60501382	3	4	39	2	DE
1587555797	5	8	100	2	DE
2713628211	1	1	1	2	DE
1899245157	4	5	300	2	DE
200552105	2	2	229	2	DE
2112728945	6	23	216	2	DE
2052599737	16	21	1012	2	DE
2164731869	10	15	421	2	DE
2797056074	1	3	8	2	DE
1579823183	14	41	844	2	DE
2109583511	26	121	2097	2	DE
2401284346	1	1	31	2	DE
2138321170	12	63	742	2	DE
2070524187	4	5	145	2	DE
2109223507	17	63	1175	2	DE
2633249629	6	21	126	2	DE
2404594549	0	2	0	2	DE
2398204852	1	1	3	2	DE
2628891577	5	25	92	2	DE
1982116827	42	143	15134	2	DE
2584884269	7	7	2100	2	DE
2035070196	19	73	2356	2	DE
2144220419	11	49	350	2	DE
387298597	4	4	97	2	DE
1857795731	1	5	2	2	DE
251803516	17	70	966	2	DE
2193013244	6	11	186	2	DE
2189638204	14	47	567	2	DE
2131475088	16	79	1159	2	DE
2109684384	11	26	350	2	DE
2048015299	19	106	1268	2	DE
2525248495	7	10	158	2	DE
2631810074	4	5	271	2	DE
2228436124	5	11	71	2	DE
2503851434	4	5	219	2	DE
1729248790	6	12	119	2	DE
2311274023	2	4	18	2	DE
274579217	11	61	497	2	DE
2923479089	7	11	172	2	DE
2106343576	37	195	9595	2	DE
2764226806	7	12	457	2	DE
2251440543	14	32	551	2	DE
322421229	12	14	489	2	DE
1047741012	16	38	940	2	DE
2069447263	7	16	146	2	DE
2223063837	1	1	16	2	DE
2044314436	11	32	494	2	DE
33342358	12	23	463	2	DE
2003780605	34	118	16062	2	DE
2125579386	5	16	48	2	DE
84559000	6	8	172	2	DE
2303542436	6	13	238	2	DE
2126365895	0	1	0	2	DE
2947728646	1	1	75	2	DE
72467736	6	8	158	2	DE
340903526	10	21	744	2	DE
2620180323	9	15	319	2	DE
2008827756	24	124	1777	2	DE
2110048473	4	4	57	2	DE
146262294	12	23	1648	2	DE
158124650	15	66	776	2	DE
2127842038	4	5	40	2	DE
2189577106	9	21	317	2	DE
306105238	8	15	323	2	DE
2252032993	35	217	4188	2	DE
2250361850	5	6	412	2	DE
2038910195	32	285	3587	2	DE
104647944	22	86	1409	2	DE
2136952135	2	4	31	2	DE
2277526995	7	10	347	2	DE
2273759014	10	28	383	2	DE
2005454661	8	16	154	2	DE
2973716378	6	15	141	2	DE
2654556186	1	1	39	2	DE
62967857	55	117	25428	2	DE
2156286033	48	279	9046	2	DE
1987694710	10	19	327	2	DE
2050675000	28	183	3234	2	DE
2645578132	0	1	0	2	DE
2974568965	1	1	21	2	DE
2218316482	9	13	580	2	DE
2589872881	13	38	627	2	DE
2303644642	4	8	67	2	DE
763941875	16	37	944	2	DE
2310067237	19	47	1221	2	DE
2128434240	18	121	1015	2	DE
2089505985	5	8	109	2	DE
2332513518	8	52	287	2	DE
2893075845	11	39	317	2	DE
1988154860	0	2	0	2	DE
2495862267	9	18	335	2	DE
2157893189	10	32	387	2	DE
2172507730	2	5	75	2	DE
2104514538	21	127	1365	2	DE
2011846654	3	3	90	2	DE
221698158	14	54	618	2	DE
2059294876	10	26	422	2	DE
2063423718	49	266	7923	2	DE
2114017512	12	19	1665	2	DE
2744998128	3	6	93	2	DE
2100451579	7	23	172	2	DE
2950977861	2	2	1127	2	DE
2166020432	11	19	830	2	DE
2039208336	10	38	398	2	DE
167729739	10	27	372	2	DE
2616646230	6	60	264	2	DE
2667403866	12	24	713	2	DE
2251512417	4	11	125	2	DE
2169625230	14	55	470	2	DE
2110544705	14	38	1110	2	DE
2147146647	25	37	3664	2	DE
2987776982	6	7	111	2	DE
1922522095	4	15	39	2	DE
2056052032	31	124	3274	2	DE
2163203903	8	19	302	2	DE
2099568453	6	14	75	2	DE
2037079915	5	10	70	2	DE
2110120193	9	80	322	2	DE
326590796	33	215	3023	2	DE
2080269188	13	64	733	2	DE
2015814682	9	32	214	2	DE
2343101817	2	2	578	2	DE
2928141758	1	2	16	2	DE
2470340094	1	1	6	2	DE
2974443771	1	1	2	2	DE
2472634760	10	41	475	2	DE
2260560319	8	16	144	2	DE
1985997350	18	131	1816	2	DE
2167859808	0	1	0	2	DE
2117036721	1	1	10	2	DE
218360674	16	96	884	2	DE
2024860705	17	114	1432	2	DE
2002906178	9	12	614	2	DE
2794286442	8	14	218	2	DE
1907387910	24	174	1972	2	DE
2304732805	11	22	1147	2	DE
2340744982	23	127	1597	2	DE
1964797733	9	14	835	2	DE
2665967430	3	8	63	2	DE
2041442269	19	102	1124	2	DE
2135289879	1	1	243	2	DE
2159374572	25	112	2807	2	DE
2040230289	9	27	395	2	DE
2654827559	9	20	463	2	DE
2537616557	8	14	359	2	DE
189920984	9	19	199	2	DE
2143713155	17	53	1084	2	DE
928839812	1	4	7	2	DE
2241820862	3	6	28	2	DE
1689385459	9	22	450	2	DE
2132998849	5	6	365	2	DE
2165341214	8	12	203	2	DE
334789826	13	19	512	2	DE
2082307296	19	136	1817	2	DE
2117303523	11	38	522	2	DE
2474966271	16	21	1995	2	DE
2064416198	1	2	5	2	DE
2129198645	27	202	2675	2	DE
2114518581	9	84	240	2	DE
2635660955	20	68	1433	2	DE
2019557347	22	331	2161	2	DE
2766930047	1	2	6	3	DE
1985085574	2	2	13	3	DE
2018902206	9	28	201	3	DE
2157707685	7	9	109	3	DE
1226703316	4	6	31	3	DE
2280391254	11	54	353	3	DE
2226782853	1	1	12	3	DE
1225130805	4	12	42	3	DE
526124192	4	11	56	3	DE
2897479008	1	2	2	3	DE
2502821322	1	1	115	3	DE
2311063117	5	16	191	3	DE
2075264594	3	5	55	3	DE
2111047250	7	12	267	3	DE
2281178954	13	34	455	3	DE
19269582	4	11	44	3	DE
2282883301	1	2	1	3	DE
2166491647	2	2	85	3	DE
2945321676	1	5	3	3	DE
2031356717	4	11	38	3	DE
279972653	2	2	202	3	DE
2798390076	0	1	0	3	DE
1798835232	4	5	77	3	DE
2159152359	8	24	269	3	DE
2135559455	23	60	4225	3	DE
2228882743	1	1	3	3	DE
2151288132	11	22	466	3	DE
2014973489	3	5	29	3	DE
2460880510	6	13	119	3	DE
2116161470	16	44	559	3	DE
2226655191	2	2	14	3	DE
37097871	5	12	58	3	DE
277877412	8	20	219	3	DE
2137395882	8	14	485	3	DE
2018513733	8	18	116	3	DE
2132022106	2	2	56	3	DE
2650280874	2	2	17	3	DE
2437157818	3	4	102	3	DE
2081690592	4	6	84	3	DE
1880364126	5	10	63	3	DE
2306872569	5	22	80	3	DE
2744259872	4	4	128	3	DE
2173965616	7	11	277	3	DE
340923726	8	15	166	3	DE
2113017209	6	16	116	3	DE
2230326663	4	5	38	3	DE
2166494697	5	13	90	3	DE
1971197507	5	6	77	3	DE
2342918268	5	14	67	3	DE
2951092530	5	8	95	3	DE
2425362817	2	2	10	3	DE
2111314306	5	9	364	3	DE
336206225	8	14	202	3	DE
2259032777	19	50	972	3	DE
2114067352	9	23	249	3	DE
256515082	7	8	254	3	DE
2777160782	12	30	415	3	DE
2342264047	1	1	6	3	DE
2664045870	2	4	16	3	DE
216669504	3	12	26	3	DE
2973244808	1	1	1	3	DE
2667847165	1	1	3	3	DE
2619743814	8	27	169	3	DE
2060459750	5	15	79	3	DE
2124292204	4	6	46	3	DE
2397053338	4	11	27	3	DE
2126520750	3	11	28	3	DE
2131108478	1	2	24	3	DE
2311201467	11	59	366	3	DE
2415928135	0	1	0	3	DE
1992565677	6	7	216	3	DE
2082743580	1	4	7	3	DE
2143692181	7	23	230	3	DE
2516329879	3	5	111	3	DE
2125997566	6	16	98	3	DE
2097292807	11	26	425	3	DE
2892113646	1	2	7	3	DE
2051549001	1	1	3	3	DE
1922049900	6	11	257	3	DE
2028218222	2	3	8	3	DE
210905186	1	1	10	3	DE
2103322802	9	19	175	3	DE
2810456470	5	25	502	3	DE
1999383033	6	18	95	3	DE
2146445980	4	7	74	3	DE
2028612336	5	7	52	3	DE
2090216294	6	9	113	3	DE
1980771439	6	20	84	3	DE
1418734720	2	5	8	3	DE
2146839795	3	6	29	3	DE
2402954700	11	28	295	3	DE
361901576	4	4	554	3	DE
2396532274	2	2	22	3	DE
115748420	3	13	33	3	DE
2508336735	2	3	9	3	DE
2001743771	3	6	78	3	DE
1266954163	10	22	567	3	DE
2330472398	1	1	5	3	DE
2504667094	1	1	1	3	DE
2059415586	9	27	356	3	DE
2795253989	2	3	4	3	DE
2186162728	9	49	347	3	DE
1904226921	5	24	87	3	DE
2277651062	2	2	90	3	DE
2065183749	12	26	430	3	DE
2974823655	1	2	43	3	DE
2780313007	8	10	361	3	DE
2920691168	4	9	47	3	DE
2557228764	1	1	13	3	DE
77215473	6	7	412	3	DE
2239903716	15	158	995	3	DE
2425894978	0	3	0	3	DE
2029402442	5	12	169	3	DE
2150512975	12	53	560	3	DE
2134915492	6	11	88	3	DE
2522495561	1	2	1	3	DE
2499689078	6	15	146	3	DE
173423282	5	8	84	3	DE
1575369456	13	16	654	3	DE
2124430107	7	9	480	3	DE
2145270558	5	16	177	3	DE
2433235765	3	4	67	3	DE
2040412984	1	2	148	3	DE
1832795253	9	61	267	3	DE
2433498267	1	1	5	3	DE
2774416797	1	1	2	3	DE
1703820759	4	7	108	3	DE
2076196699	14	74	871	3	DE
2671132529	0	1	0	3	DE
1999257714	1	1	6	3	DE
2155495616	15	29	800	3	DE
2553561291	4	8	40	3	DE
2963423445	8	17	332	3	DE
2143306050	11	15	599	3	DE
2108309948	6	24	142	3	DE
2973909676	1	1	18	3	DE
2472428385	7	9	183	3	DE
2551727182	6	9	144	3	DE
2157462995	13	27	576	3	DE
2661828106	1	1	26	3	DE
2035697197	4	6	39	3	DE
2223785635	7	18	261	3	DE
2227062509	2	2	65	3	DE
333203265	3	5	108	3	DE
2973255533	1	1	9	3	DE
2298759032	11	25	412	3	DE
2764326811	3	12	32	3	DE
2227587096	1	1	4	3	DE
2223786367	2	6	8	3	DE
2025212398	4	4	54	3	DE
2124433935	4	4	89	3	DE
2144357062	7	12	125	3	DE
2563001216	0	1	0	3	DE
2307935106	9	18	722	3	DE
2472430992	2	5	27	3	DE
243551654	36	52	7040	3	DE
2224049602	7	21	172	3	DE
2144357921	3	12	34	3	DE
321670843	4	7	68	3	DE
896815381	4	8	99	3	DE
247484982	3	9	30	3	DE
2164020070	13	42	593	3	DE
2786350032	2	6	6	3	DE
2105299936	5	17	107	3	DE
708727788	11	13	377	3	DE
1978029323	13	54	476	3	DE
2148685221	4	12	46	3	DE
1433294460	8	40	249	3	DE
2713736878	7	13	325	3	DE
211572494	1	2	5	3	DE
832460562	2	3	8	3	DE
308696930	3	4	34	3	DE
2556188633	0	1	0	3	DE
2154191002	12	34	1026	3	DE
323246297	4	10	113	3	DE
809385	8	23	321	3	DE
2749389581	12	34	419	3	DE
2435210140	1	1	14	3	DE
1991662639	4	9	39	3	DE
2149473327	14	21	1235	3	DE
2061524093	7	10	186	3	DE
342646237	3	9	40	3	DE
2131779291	6	28	106	3	DE
2231787248	1	1	15	3	DE
321806194	7	27	144	3	DE
2637848460	1	1	2	3	DE
2079875012	3	6	26	3	DE
1964007461	9	34	268	3	DE
2121425110	4	8	65	3	DE
2162450845	8	28	230	3	DE
2128372138	4	14	87	3	DE
192569774	1	1	8	3	DE
2167431718	5	12	4847	3	DE
2973524561	1	1	12	3	DE
2294440855	2	4	7	3	DE
2198103067	6	27	134	3	DE
2173854821	1	1	1	3	DE
2156684554	4	4	354	3	DE
2172282380	7	29	142	3	DE
221931099	2	2	113	3	DE
2930796162	5	14	88	3	DE
2100586298	5	10	64	3	DE
1979082622	4	12	88	3	DE
2129422454	9	36	1031	3	DE
2115004626	8	16	635	3	DE
2135714042	3	6	20	3	DE
2559470044	2	3	20	3	DE
2514119240	6	17	492	3	DE
1997171332	5	8	228	3	DE
2798152328	2	3	223	3	DE
2768923452	5	5	95	3	DE
2343463870	3	14	20	3	DE
2139646981	9	22	437	3	DE
2312924186	2	6	15	3	DE
2511498374	8	86	247	3	DE
2283564296	1	3	3	3	DE
2721476044	1	1	5	3	DE
2591321585	4	5	55	3	DE
2182377003	1	1	2	3	DE
1990750115	1	1	7	3	DE
2552655948	9	72	350	3	DE
2107273516	1	6	23	3	DE
2107404658	7	15	160	3	DE
2556064202	2	2	14	3	DE
2076471859	45	216	7484	3	DE
40399422	3	5	33	3	DE
2098098966	2	5	120	3	DE
2905502608	1	2	1	3	DE
2631168923	1	1	13	3	DE
2502063273	0	2	0	3	DE
57177453	10	24	302	3	DE
2115925361	8	13	164	3	DE
313947596	4	8	42	3	DE
2547807807	1	2	1	3	DE
296121941	1	1	11	3	DE
2291693348	1	2	6	3	DE
1921153105	4	11	104	3	DE
1978693793	2	6	14	3	DE
176716104	10	26	363	3	DE
2130082213	2	12	31	3	DE
2123659687	6	11	161	3	DE
179993079	11	44	348	3	DE
2165996130	12	63	498	3	DE
2950462058	2	2	11	3	DE
2147515072	1	5	6	3	DE
103840519	6	8	272	3	DE
224820010	22	125	1479	3	DE
60455732	9	18	1243	3	DE
2696838100	1	1	12	3	DE
2213313685	8	16	608	3	DE
2163899585	1	4	4	3	DE
2163244379	12	21	1896	3	DE
2161409731	7	24	155	3	DE
2893446877	2	3	10	3	DE
2045935398	8	8	669	3	DE
1986559846	14	63	812	3	DE
1980399488	12	56	460	3	DE
2146992061	4	12	55	3	DE
2701033476	1	1	12	3	DE
2754117827	2	2	28	3	DE
2100724039	5	7	158	3	DE
2237563213	3	4	119	3	DE
2218688930	18	68	1914	3	DE
2141094546	1	2	1	3	DE
2254340795	5	6	243	3	DE
2169930453	4	10	42	3	DE
2916516575	3	3	173	3	DE
1965196033	2	8	25	3	DE
2052621328	8	27	194	3	DE
2170979347	7	38	106	3	DE
2054587477	5	29	85	3	DE
1968997716	3	4	38	3	DE
231376297	8	14	119	3	DE
2020247076	1	2	64	3	DE
2499446453	1	1	5	3	DE
2811135718	0	1	0	3	DE
2080016176	23	60	1738	3	DE
1049266028	5	12	152	3	DE
2225637270	1	1	31	3	DE
2143193009	10	30	283	3	DE
2120648691	4	9	54	3	DE
1965459617	10	46	300	3	DE
2151188657	2	2	7	3	DE
2140047550	5	9	78	3	DE
2230225482	1	1	3	3	DE
1911720562	3	5	48	3	DE
1233423186	6	22	119	3	DE
2661977099	4	5	121	3	DE
2158791866	7	16	142	3	DE
2103086295	15	90	741	3	DE
2289864045	3	8	30	3	DE
83004794	4	11	49	3	DE
339250774	6	14	242	3	DE
2110951035	4	4	1608	3	DE
2100727535	6	10	215	3	DE
1971490645	12	55	370	3	DE
2662240470	1	1	15	3	DE
2017628875	9	14	199	3	DE
27824877	19	76	869	3	DE
2102301511	4	7	164	3	DE
2260767591	14	33	768	3	DE
2117505940	4	16	60	3	DE
2327221143	1	1	138	3	DE
1999147972	2	2	46	3	DE
2016318759	9	21	822	3	DE
2230490455	2	3	17	3	DE
2007799274	16	28	1148	3	DE
2294715998	4	9	78	3	DE
2124715865	3	10	26	3	DE
2500237157	4	8	57	3	DE
204117916	10	62	571	3	DE
2031786033	24	145	3236	3	DE
2051447032	2	3	38	3	DE
2307693119	3	3	98	3	DE
45914911	12	65	452	3	DE
2160761749	7	11	129	3	DE
2165087174	15	47	930	3	DE
2154208353	10	21	322	3	DE
2225642716	2	2	100	3	DE
2021825876	3	8	24	3	DE
1130405334	6	17	165	3	DE
531013306	24	103	4256	3	DE
1175232355	4	17	34	3	DE
2167578596	4	4	39	3	DE
666804214	4	19	72	3	DE
2152243262	11	33	578	3	DE
2279383193	2	3	20	3	DE
2150670498	4	7	316	3	DE
2898567408	2	3	8	3	DE
2294587838	9	45	244	3	DE
1957339669	3	6	85	3	DE
271753865	1	2	32	3	DE
2219614885	1	1	5	3	DE
2136908690	5	20	60	3	DE
2062853024	1	1	11	3	DE
2232198093	1	1	3	3	DE
2200347638	16	34	1366	3	DE
1973199924	11	25	940	3	DE
2083824877	3	3	53	3	DE
2510333296	0	1	0	3	DE
2059183477	14	76	792	3	DE
2004657886	7	19	266	3	DE
2748884819	0	1	0	3	DE
2200086557	5	7	173	3	DE
2024450253	5	5	77	3	DE
2345969950	1	1	14	3	DE
2610997649	7	10	682	3	DE
325626467	4	8	92	3	DE
2111744692	7	24	216	3	DE
2230627001	5	6	103	3	DE
1826138865	2	7	35	3	DE
25209660	8	21	248	3	DE
2302717139	1	2	5	3	DE
2988485940	1	2	21	3	DE
2488577475	5	9	78	3	DE
2048699889	3	3	15	3	DE
2091167437	13	57	575	3	DE
2745478897	3	4	89	3	DE
2069540661	1	2	1	3	DE
2247405431	2	2	14	3	DE
2060627833	4	5	147	3	DE
2084351956	4	7	130	3	DE
2230104114	3	9	45	3	DE
2280960241	4	7	51	3	DE
2898833673	0	1	0	3	DE
2082517656	13	36	541	3	DE
2268903091	3	5	58	3	DE
2143074116	3	6	33	3	DE
1976350802	9	12	213	3	DE
2312550648	1	1	5	3	DE
2499197179	1	1	5	3	DE
2009512270	2	3	40	3	DE
247118184	4	11	137	3	DE
56277354	4	8	131	3	DE
2120399458	5	19	116	3	DE
108968658	7	11	1119	3	DE
2225126184	3	19	23	3	DE
2194848966	2	4	13	3	DE
2431827240	2	4	14	3	DE
287227184	7	12	227	3	DE
1944633009	7	34	170	3	DE
1868873488	4	9	161	3	DE
2420162489	1	2	4	3	DE
2117648422	6	14	98	3	DE
2110963832	31	318	4149	3	DE
2597765255	1	1	2	3	DE
2509291658	2	2	45	3	DE
2128920803	8	20	206	3	DE
2627518697	2	4	20	3	DE
2014363928	3	5	10	3	DE
1996407141	10	26	414	3	DE
2443232149	3	3	29	3	DE
968672633	5	8	92	3	DE
2296825232	12	39	517	3	DE
2913256850	0	3	0	3	DE
1793770918	3	3	51	3	DE
1259521836	3	7	65	3	DE
2172045327	5	6	525	3	DE
2149763091	10	13	297	3	DE
2474952846	4	6	91	3	DE
294176967	0	2	0	3	DE
2343618787	7	18	120	3	DE
2894252277	8	16	1275	3	DE
2244266493	22	156	1551	3	DE
2096417408	25	96	3381	3	DE
2326711103	6	11	96	3	DE
2473380683	1	2	4	3	DE
2128137077	7	23	272	3	DE
2251607006	1	1	2	3	DE
2764622879	6	17	444	3	DE
2332872110	2	7	17	3	DE
2064436747	5	16	71	3	DE
2294337146	1	2	4	3	DE
2126171867	5	6	121	3	DE
185126637	4	7	49	3	DE
2135215874	2	4	81	3	DE
2171785036	1	1	33	3	DE
2184761780	4	7	93	3	DE
2159071734	10	42	270	3	DE
2973422244	1	1	14	3	DE
433902269	4	7	45	3	DE
2719536039	1	1	3	3	DE
2974864419	1	1	6	3	DE
80401614	1	3	3	3	DE
2620052744	7	9	306	3	DE
969856276	7	17	120	3	DE
2646529362	1	1	4	3	DE
1990120944	4	21	92	3	DE
283956866	6	21	87	3	DE
2147538759	7	13	449	3	DE
2569328610	2	2	12	3	DE
2175981559	5	8	300	3	DE
2808928318	4	14	33	3	DE
2163398740	22	32	2722	3	DE
2224347314	4	20	41	3	DE
1976621332	4	6	699	3	DE
2967918884	0	1	0	3	DE
2239027763	5	16	217	3	DE
704830063	6	16	134	3	DE
74898299	17	113	933	3	DE
2702629863	1	2	6	3	DE
2039930233	8	65	313	3	DE
1964826138	9	22	441	3	DE
2512051751	2	9	9	3	DE
1835196051	12	33	357	3	DE
2152390295	7	8	606	3	DE
2542198439	2	2	24	3	DE
2569985852	5	5	329	3	DE
1974525757	16	86	823	3	DE
2157109134	6	11	175	3	DE
2139545620	4	11	25	3	DE
30990923	3	6	479	3	DE
2145968776	6	25	97	3	DE
2562646779	8	25	420	3	DE
2139415422	4	6	50	3	DE
2277041179	6	17	110	3	DE
2949309579	6	7	270	3	DE
2009916585	23	34	5491	3	DE
2189354167	0	1	0	3	DE
2065491189	7	15	210	3	DE
2048714263	4	6	49	3	DE
1997203073	9	19	355	3	DE
2924144489	3	4	20	3	DE
2517035023	3	4	249	3	DE
2228021286	3	3	64	3	DE
2232870972	3	7	15	3	DE
161409135	16	67	1150	3	DE
2142955678	6	19	82	3	DE
2418731263	1	2	1	3	DE
1963780547	1	1	9	3	DE
2046487086	4	35	59	3	DE
2073881521	5	9	119	3	DE
2490690623	1	1	8	3	DE
1964698894	15	30	1170	3	DE
2126310722	3	3	17	3	DE
2275864011	1	2	6	3	DE
2491870702	1	2	14	3	DE
1842671098	3	3	69	3	DE
2150035082	8	14	360	3	DE
2338516690	3	4	25	3	DE
1893658536	4	10	33	3	DE
2158686404	8	9	236	3	DE
2009657584	4	9	126	3	DE
2165764572	11	26	349	3	DE
2722296327	2	2	12	3	DE
2050028111	4	7	100	3	DE
2081616682	4	6	186	3	DE
2973692772	1	1	11	3	DE
2951279721	10	31	687	3	DE
2082927750	11	31	435	3	DE
1824060552	4	6	70	3	DE
2222388606	2	5	12	3	DE
2567108034	1	1	5	3	DE
2726491650	13	54	517	3	DE
2148070966	3	5	23	3	DE
2115303036	6	11	110	3	DE
2131556068	1	2	6	3	DE
2090137698	4	5	158	3	DE
2736191602	2	5	16	3	DE
2229205123	5	6	66	3	DE
2104555883	2	10	42	3	DE
1978071459	2	2	55	3	DE
2127231398	9	18	476	3	DE
281999846	5	7	60	3	DE
2113206971	10	27	293	3	DE
1187445531	5	21	73	3	DE
2090924862	5	10	65	3	DE
1999043565	11	31	311	3	DE
2305883265	2	3	10	3	DE
2325019889	12	104	572	3	DE
2229468436	3	3	23	3	DE
2029452627	18	203	1533	3	DE
2171010595	9	26	366	3	DE
2010185526	11	32	462	3	DE
139526074	9	13	364	3	DE
2287272139	1	2	29	3	DE
2395668711	1	1	2	3	DE
1990787591	2	3	7	3	DE
2072707596	12	42	601	3	DE
2011234855	3	3	110	3	DE
2246116149	2	3	16	3	DE
257491840	15	76	895	3	DE
858457005	5	6	73	3	DE
2631336887	1	8	6	3	DE
2952201207	5	23	135	3	DE
2050163803	13	54	486	3	DE
934872191	7	8	385	3	DE
2605253847	2	4	5	3	DE
2526741861	4	7	70	3	DE
2395276675	2	2	31	3	DE
2304837094	6	10	98	3	DE
2082801241	6	13	80	3	DE
2142307986	9	40	691	3	DE
2765293218	2	10	19	3	DE
207423295	1	2	4	3	DE
1987774356	14	45	540	3	DE
2974615557	4	5	95	3	DE
2584021193	5	10	596	3	DE
2657552729	7	11	568	3	DE
145164693	25	92	2043	3	DE
27199957	3	5	39	3	DE
2128415239	3	3	25	3	DE
2304182825	6	24	155	3	DE
2888239707	1	1	1	3	DE
2399865616	4	5	63	3	DE
1737952171	9	13	285	3	DE
2134576118	5	7	476	3	DE
2795310177	1	6	1	3	DE
2060913789	4	4	209	3	DE
2051869896	7	12	149	3	DE
121703796	3	4	30	3	DE
188157304	18	84	996	3	DE
2950237665	5	9	102	3	DE
261033467	6	15	101	3	DE
2201030183	25	74	2206	3	DE
1992756828	7	16	173	3	DE
2146373520	11	21	550	3	DE
2233930081	11	37	795	3	DE
1998524898	17	104	1901	3	DE
2108494460	8	23	198	3	DE
2011763465	1	1	10	3	DE
2106528829	6	12	106	3	DE
2172064885	3	5	19	3	DE
2049512582	11	103	479	3	DE
2021594306	4	6	202	3	DE
2438927721	1	1	2	3	DE
2029721110	6	9	341	3	DE
191436314	3	4	109	3	DE
2208897122	16	70	1109	3	DE
2126190832	9	33	166	3	DE
2004556035	16	34	1479	3	DE
2228295954	3	10	170	3	DE
2038896920	5	6	208	3	DE
2314934806	1	1	46	3	DE
2003245632	6	8	233	3	DE
139009017	19	68	1193	3	DE
2222136494	8	16	555	3	DE
2308119897	2	3	218	3	DE
2160008538	4	4	150	3	DE
134815148	5	11	108	3	DE
1949376358	5	7	245	3	DE
2068782981	3	3	85	3	DE
672997286	11	58	363	3	DE
2545885155	6	12	351	3	DE
151986255	19	37	1402	3	DE
242557106	1	8	4	3	DE
2075861453	13	45	570	3	DE
159064768	10	25	430	3	DE
2141004544	2	5	317	3	DE
2103256027	2	2	100	3	DE
2893358108	3	5	34	3	DE
2401313959	1	1	4	3	DE
2516133389	1	5	1	3	DE
2152408627	16	65	994	3	DE
2557028127	1	2	6	3	DE
2110335143	4	19	55	3	DE
1442785754	2	6	15	3	DE
2961254934	1	5	3	3	DE
2043226867	8	39	252	3	DE
2707762109	3	17	147	3	DE
2399480828	9	17	231	3	DE
2126195780	10	37	420	3	DE
2068393163	3	6	33	3	DE
2124230447	22	39	2243	3	DE
2123575132	1	6	4	3	DE
2650746841	2	3	16	3	DE
1995780073	5	14	114	3	DE
584396902	14	61	493	3	DE
2167615811	6	16	316	3	DE
168505717	4	8	205	3	DE
2074948108	13	30	627	3	DE
2229220081	3	21	35	3	DE
2019767132	8	52	223	3	DE
2160145492	2	2	7	3	DE
2641048666	2	2	12	3	DE
2963747999	19	24	1263	3	DE
2146907365	7	12	146	3	DE
2560177386	2	3	5	3	DE
2108372221	6	7	966	3	DE
2090153444	6	17	126	3	DE
2146383343	17	49	1060	3	DE
2651928457	1	1	3	3	DE
2032089024	11	37	379	3	DE
307967956	1	1	16	3	DE
2308388898	5	6	88	3	DE
2082027632	4	5	125	3	DE
2301442168	0	1	0	3	DE
1990539693	6	7	157	3	DE
2033007098	5	8	104	3	DE
2145860251	4	12	44	3	DE
2165258958	1	3	11	3	DE
1986083642	9	23	344	3	DE
107428736	14	57	635	3	DE
2130525158	6	17	135	3	DE
2790210595	1	1	69	3	DE
2681289839	4	9	47	3	DE
2796502133	4	7	36	3	DE
2916302245	4	12	83	3	DE
2254126543	7	8	194	3	DE
2231844542	5	22	76	3	DE
1237008069	6	8	90	3	DE
291585890	6	16	348	3	DE
2196455356	1	1	15	3	DE
2652586122	1	2	2	3	DE
2521252000	2	2	6	3	DE
2475770061	1	2	19	3	DE
2036810213	4	4	436	3	DE
2395292223	1	1	1	3	DE
225526473	2	3	10	3	DE
2106278679	3	10	33	3	DE
2195145505	9	34	722	3	DE
2441167676	8	20	311	3	DE
2033403043	12	25	712	3	DE
2156610812	5	9	81	3	DE
2493334823	1	1	2	3	DE
2645247386	2	2	52	3	DE
286082499	5	12	51	3	DE
2154382836	9	53	331	3	DE
2699511697	3	7	57	3	DE
123291671	7	15	216	3	DE
2068924490	10	26	258	3	DE
2657568916	1	3	3	3	DE
2050181759	23	84	2007	3	DE
2517322428	3	12	29	3	DE
1996049133	6	9	114	3	DE
2565032699	11	23	812	3	DE
2583776052	2	3	24	3	DE
88820533	4	14	59	3	DE
2286373836	1	1	27	3	DE
2086751718	8	56	287	3	DE
312168077	3	5	60	3	DE
2115849954	9	17	530	3	DE
2807910302	3	7	34	3	DE
2228309971	4	9	41	3	DE
1921339470	1	2	4	3	DE
2734379304	4	9	42	3	DE
1224823312	2	2	34	3	DE
2123190830	9	36	325	3	DE
2133283475	14	28	761	3	DE
1987269284	2	3	8	3	DE
2099860176	11	35	449	3	DE
2108510984	6	11	113	3	DE
2463847366	4	7	63	3	DE
2577361	8	19	195	3	DE
2022265860	4	6	32	3	DE
943674544	1	1	4	3	DE
224744832	4	6	71	3	DE
1902597509	21	53	2196	3	DE
2494518737	4	6	37	3	DE
204822045	20	65	2636	3	DE
2223724161	1	2	9	3	DE
2287949557	2	2	27	3	DE
2019514152	6	12	114	3	DE
2094225545	2	7	176	3	DE
1965250800	2	3	18	3	DE
359881147	3	5	28	3	DE
2227001905	3	7	15	3	DE
2706987825	1	1	6	3	DE
1977572158	8	11	885	3	DE
2309970882	3	3	113	3	DE
2161466308	5	27	142	3	DE
2674351810	1	1	4	3	DE
2085838573	11	34	333	3	DE
174678582	3	10	15	3	DE
2014405324	18	78	1022	3	DE
1966301956	2	13	54	3	DE
2137613117	13	82	573	3	DE
369582971	5	11	161	3	DE
2974507982	1	1	10	3	DE
782984182	1	4	2	3	DE
1952277798	4	10	82	3	DE
2472240545	1	1	21	3	DE
2068670082	8	22	188	3	DE
2143381141	27	73	2253	3	DE
2598725393	7	16	102	3	DE
2164352881	14	45	573	3	DE
230778998	11	27	470	3	DE
323446951	8	15	691	3	DE
2073258216	5	26	62	3	DE
1872456011	3	8	49	3	DE
1993042285	4	4	295	3	DE
2149542594	3	8	29	3	DE
2106157907	4	4	30	3	DE
2326096745	2	2	46	3	DE
2329504682	1	3	4	3	DE
2226220023	1	1	30	3	DE
2164485118	1	2	4	3	DE
123694094	22	101	1409	3	DE
2778557459	5	9	41	3	DE
2125425730	12	40	465	3	DE
2513136998	1	2	4	3	DE
2172612084	10	42	270	3	DE
651783929	1	1	20	3	DE
2431479660	2	2	254	3	DE
2074964178	13	45	417	3	DE
2097377570	3	5	46	3	DE
110457186	7	18	117	3	DE
46363041	5	8	61	3	DE
304181791	4	5	81	3	DE
2113499725	29	100	3647	3	DE
362771228	5	10	49	3	DE
2555212871	1	1	3	3	DE
2324919812	0	1	0	3	DE
1876784943	5	12	87	3	DE
1768781654	6	8	216	3	DE
2146662369	15	37	765	3	DE
2227140581	1	1	2	3	DE
2893772997	2	5	10	3	DE
400521601	3	4	21	3	DE
2778036647	20	68	987	3	DE
2281798099	1	1	24	3	DE
2892593621	5	13	134	3	DE
1461156372	10	53	303	3	DE
2343533141	5	16	180	3	DE
2659023603	2	3	30	3	DE
2509732639	1	2	62	3	DE
2520349677	3	7	27	3	DE
2714467317	1	1	12	3	DE
2973465657	1	1	9	3	DE
139951187	9	18	639	3	DE
385711361	5	8	108	3	DE
38370567	18	56	2269	3	DE
304053515	6	12	110	3	DE
2427682141	6	13	174	3	DE
2228977024	4	6	106	3	DE
2553642563	1	1	1	3	DE
2664136285	2	3	36	3	DE
1912962712	5	9	101	3	DE
1047887664	9	20	304	3	DE
679837649	6	14	139	3	DE
2007990456	18	114	1672	3	DE
2223603927	2	6	57	3	DE
66945395	5	17	124	3	DE
2231861690	3	4	46	3	DE
1896317488	2	4	17	3	DE
1978630736	8	34	238	3	DE
1976795815	4	17	85	3	DE
2225570884	2	8	10	3	DE
2543420541	8	20	265	3	DE
742491310	19	92	1054	3	DE
2117174536	14	24	744	3	DE
2914616613	1	2	4	3	DE
2231469369	3	3	44	3	DE
2088207744	1	1	8	3	DE
2308408822	12	26	676	3	DE
2125825710	6	20	116	3	DE
2963244773	17	39	1224	3	DE
2105509818	7	12	134	3	DE
157780000	2	2	64	3	DE
2231077129	21	84	2597	3	DE
174164245	6	13	171	3	DE
2467793232	8	28	187	3	DE
728467847	3	6	207	3	DE
577866209	3	3	141	3	DE
2139720219	12	17	406	3	DE
2974255662	1	1	5	3	DE
1998817957	8	19	183	3	DE
2327415576	1	1	20	3	DE
1253280668	3	6	68	3	DE
2102758341	2	3	508	3	DE
2222689250	1	1	9	3	DE
2237631462	2	4	44	3	DE
4688890	6	31	148	3	DE
1928695020	4	16	113	3	DE
1990692176	8	10	207	3	DE
2077724036	1	1	8	3	DE
168922728	6	19	130	3	DE
2260963057	18	184	1883	3	DE
2205388604	4	4	41	3	DE
2223214470	8	9	402	3	DE
1992396678	5	5	306	3	DE
2270531581	6	13	163	3	DE
1987154148	4	12	50	3	DE
2169737612	9	24	203	3	DE
693604772	16	32	910	3	DE
218731078	33	126	5060	3	DE
2171048571	4	13	75	3	DE
2198180509	3	3	52	3	DE
2131727051	3	6	26	3	DE
135500554	4	5	103	3	DE
2672530431	1	3	29	3	DE
2167116864	2	4	28	3	DE
2158859475	5	8	84	3	DE
2438042941	7	31	162	3	DE
2947126883	14	37	988	3	DE
2309854834	6	18	101	3	DE
2553911232	1	2	6	3	DE
2146015327	10	20	643	3	DE
2501744741	1	1	35	3	DE
2122815661	8	12	213	3	DE
2974914808	1	1	3	3	DE
2145884482	4	16	44	3	DE
2973473106	0	1	0	3	DE
480876893	6	30	86	3	DE
114137482	4	8	53	3	DE
1146329657	2	2	212	3	DE
2616040025	4	6	68	3	DE
2062261007	8	9	115	3	DE
2973735756	1	1	54	3	DE
1967758273	3	13	25	3	DE
2943196523	1	2	1	3	DE
2230820228	11	48	428	3	DE
2151783838	2	3	53	3	DE
2130681425	3	16	36	3	DE
263036588	1	1	5	3	DE
2672271047	1	2	1	3	DE
293838717	10	23	268	3	DE
2135662569	2	4	27	3	DE
2231607292	3	15	20	3	DE
2946342955	2	2	16	3	DE
2503844008	8	31	180	3	DE
2157551809	2	5	8	3	DE
2167906690	12	67	453	3	DE
2398593903	2	2	134	3	DE
2595988490	1	1	2	3	DE
2781324360	1	1	11	3	DE
2311038362	1	2	7	3	DE
1270065082	8	12	264	3	DE
2021500909	4	10	26	3	DE
2282727562	1	1	39	3	DE
1165076649	12	68	471	3	DE
2170136887	4	10	48	3	DE
518236547	2	5	31	3	DE
1970383243	15	54	1019	3	DE
2102503988	9	69	295	3	DE
1969203767	3	3	61	3	DE
2137762570	9	76	690	3	DE
2973477711	1	1	3	3	DE
2262805496	11	39	345	3	DE
646688018	4	16	73	3	DE
2170924402	9	21	239	3	DE
136556074	4	5	37	3	DE
1990700611	4	6	38	3	DE
2129112768	4	11	40	3	DE
2017570530	3	7	19	3	DE
230797220	7	17	158	3	DE
2090708954	12	26	859	3	DE
1428926718	7	37	224	3	DE
2135798079	5	15	88	3	DE
2345644723	7	12	128	3	DE
266580720	3	4	44	3	DE
2201727958	1	2	2	3	DE
2101195957	6	33	113	3	DE
1793438973	21	54	1563	3	DE
2571351360	1	1	4	3	DE
2097001798	2	3	108	3	DE
2484581816	1	2	14	3	DE
1858975184	1	2	5	3	DE
2481567310	4	11	54	3	DE
2778052210	1	1	28	3	DE
2092938944	8	21	241	3	DE
2193995480	6	21	107	3	DE
1965537291	2	6	49	3	DE
2611198044	5	11	80	3	DE
153729459	13	54	701	3	DE
2045229690	2	6	39	3	DE
2337520282	0	2	0	3	DE
2717498109	2	3	42	3	DE
2099887053	4	16	113	3	DE
2101066744	4	6	25	3	DE
2230434868	2	4	10	3	DE
2150480963	24	201	2282	3	DE
2770713813	5	9	152	3	DE
172211474	2	3	13	3	DE
2100542959	6	16	153	3	DE
2336079482	1	1	14	3	DE
2620243681	1	5	2	3	DE
2974924684	0	1	0	3	DE
2051522476	21	73	1781	3	DE
2015608775	1	2	5	3	DE
2178793527	12	48	496	3	DE
2987114601	20	39	2380	3	DE
2111160706	10	24	406	3	DE
11649822	10	53	333	3	DE
2095039529	9	14	263	3	DE
1267057952	6	18	373	3	DE
2229913053	1	5	3	3	DE
137479713	2	4	61	3	DE
861390400	7	26	162	3	DE
2337523297	4	13	97	3	DE
2127939205	3	9	23	3	DE
2096875259	7	22	212	3	DE
2015479854	14	28	562	3	DE
2297808950	1	1	2	3	DE
2146028162	13	15	1898	3	DE
2135018201	6	12	109	3	DE
2294794987	5	14	90	3	DE
2284178237	13	71	521	3	DE
2121387287	11	53	607	3	DE
2167918169	5	9	49	3	DE
2090192616	1	1	12	3	DE
275631980	4	5	86	3	DE
2576994238	0	1	0	3	DE
2154811447	3	3	40	3	DE
2563493958	1	1	15	3	DE
2896810071	0	3	0	3	DE
2097926291	13	68	591	3	DE
2083639567	6	12	144	3	DE
2401358317	11	33	304	3	DE
2135544364	8	16	196	3	DE
2154025568	5	7	109	3	DE
2658259659	1	1	1	3	DE
2226508567	3	5	23	3	DE
2485244873	1	1	21	3	DE
2125583314	10	49	319	3	DE
2000540757	4	10	41	3	DE
2157433958	6	9	279	3	DE
2305021052	0	1	0	3	DE
2112476296	4	8	71	3	DE
2337133888	1	1	19	3	DE
2114573690	6	9	187	3	DE
2164381155	5	15	77	3	DE
218355438	8	20	196	3	DE
2053494516	17	21	1608	3	DE
2106054434	12	19	2756	3	DE
2514736958	1	1	30	3	DE
2487080850	4	10	56	3	DE
1986910105	5	12	66	3	DE
2127943591	4	5	65	3	DE
2223757241	1	1	42	3	DE
701093996	2	3	10	3	DE
1999624935	3	10	28	3	DE
2804275983	5	11	71	3	DE
2071321429	6	9	133	3	DE
2105924444	14	43	736	3	DE
1708383172	9	27	375	3	DE
2151668688	5	7	296	3	DE
455990245	15	67	754	3	DE
2120997934	4	9	102	3	DE
2478955642	1	1	30	3	DE
2119818398	4	5	41	3	DE
343268518	2	4	19	3	DE
1247272108	3	5	80	3	DE
2600197373	11	87	505	3	DE
42458424	9	38	248	3	DE
2059132255	6	9	107	3	DE
1770642932	3	11	29	3	DE
2232147449	2	2	20	3	DE
2028854795	3	4	24	3	DE
2975718967	3	6	45	3	DE
2020597586	6	8	132	3	DE
2599542729	1	1	3	3	DE
2577522780	1	1	2	3	DE
1692786867	7	38	185	3	DE
2287460552	0	1	0	3	DE
2158747882	3	3	45	3	DE
2097406414	26	129	2096	3	DE
713810490	8	34	184	3	DE
2752242238	1	8	4	3	DE
1984815698	4	8	100	3	DE
2122310290	4	4	204	3	DE
1173086878	6	13	220	3	DE
2074338278	4	9	50	3	DE
2168710138	2	2	7	3	DE
2028463450	3	10	18	3	DE
2967987630	0	1	0	3	DE
787343108	5	14	83	3	DE
2143414218	3	3	113	3	DE
2307254291	5	9	73	3	DE
2509367333	1	2	22	3	DE
256632880	1	2	6	3	DE
1270999205	8	20	254	3	DE
2086529220	5	14	79	3	DE
2118510921	3	4	20	3	DE
2544363853	1	2	3	3	DE
261876097	5	27	118	3	DE
2342644311	1	1	27	3	DE
2063067770	5	15	152	3	DE
2559306427	7	21	202	3	DE
114289382	10	76	340	3	DE
2121395188	13	61	416	3	DE
2141711389	2	2	27	3	DE
2078665816	14	49	470	3	DE
2168188062	2	2	7	3	DE
380366549	11	21	1538	3	DE
1963585396	5	9	86	3	DE
2304372890	2	14	11	3	DE
2918314181	1	2	1	3	DE
2087186649	12	22	559	3	DE
1142943966	10	18	514	3	DE
2010509769	3	10	25	3	DE
157282902	10	33	314	3	DE
2131489612	13	61	457	3	DE
2138698663	8	13	179	3	DE
2145776741	7	11	926	3	DE
2368205946	3	15	30	3	DE
2221536615	12	23	523	3	DE
2049439122	5	15	76	3	DE
2326001079	5	9	289	3	DE
55834071	4	11	54	3	DE
2305816047	3	11	75	3	DE
2062022295	8	25	253	3	DE
2144859825	1	1	3	3	DE
1908537022	30	100	3607	3	DE
2020603636	5	7	1650	3	DE
1937504049	2	3	47	3	DE
2982672287	1	1	91	3	DE
2072639612	13	29	749	3	DE
2093087067	5	8	88	3	DE
2058615186	9	41	197	3	DE
2551445950	1	2	69	3	DE
2269510197	2	2	34	3	DE
2022439713	8	21	258	3	DE
100924317	12	72	532	3	DE
1212283934	4	13	66	3	DE
2159279179	1	2	43	3	DE
2056125625	6	11	128	3	DE
2372533478	1	2	2	3	DE
2142371068	5	10	120	3	DE
2310405442	3	13	31	3	DE
2004221283	4	11	71	3	DE
2532310379	2	2	16	3	DE
2237922697	5	16	66	3	DE
2073689794	7	9	1243	3	DE
2064776943	1	6	4	3	DE
2143158004	31	201	9176	3	DE
2463760200	10	58	326	3	DE
2047606760	6	26	108	3	DE
2696151020	3	6	17	3	DE
2573206190	3	3	24	4	DE
2529166119	13	43	930	4	DE
2889351983	1	1	2	4	DE
2334131134	2	3	16	4	DE
2114454978	2	3	11	4	DE
1967392560	1	3	33	4	DE
2718435268	3	4	18	4	DE
2974026064	1	1	3	4	DE
2950695437	3	5	136	4	DE
2108165713	3	7	36	4	DE
2704281421	2	2	7	4	DE
2472546244	3	7	60	4	DE
2089816616	2	3	33	4	DE
2229277334	1	1	1	4	DE
2027164473	2	2	30	4	DE
2041582404	1	1	8	4	DE
2752517218	1	1	1	4	DE
319296805	2	2	11	4	DE
2111837640	7	10	159	4	DE
211293686	2	6	38	4	DE
2522093101	1	1	1	4	DE
2170558293	1	1	15	4	DE
2310805583	1	1	1	4	DE
2208832812	6	7	82	4	DE
2072518050	4	4	47	4	DE
2161385038	3	6	20	4	DE
2132811916	7	11	140	4	DE
2559582663	1	2	2	4	DE
2525503996	1	1	1	4	DE
2051810090	1	1	184	4	DE
266347353	1	3	2	4	DE
3004180522	0	1	0	4	DE
2974296501	1	1	203	4	DE
2106338559	4	4	70	4	DE
2572168682	1	2	1	4	DE
2131242760	4	6	37	4	DE
2460758188	1	1	53	4	DE
2158768683	5	24	104	4	DE
2160603708	1	1	10	4	DE
2030318337	6	10	66	4	DE
2950968122	1	1	19	4	DE
2526033019	3	5	26	4	DE
2397320340	2	5	10	4	DE
2945463917	0	1	0	4	DE
1983919750	2	4	10	4	DE
2229287417	1	1	2	4	DE
2042378787	1	1	18	4	DE
2142256485	2	3	8	4	DE
2713206277	1	1	39	4	DE
1999388633	5	22	64	4	DE
286801984	6	11	79	4	DE
2888581372	3	5	24	4	DE
2402042576	1	2	8	4	DE
1571308378	3	5	73	4	DE
2564310243	1	1	7	4	DE
325077086	3	3	25	4	DE
2141997290	1	2	4	4	DE
2778745203	1	1	8	4	DE
2043431537	4	8	39	4	DE
2974567410	0	1	0	4	DE
1974750294	1	3	3	4	DE
1989168436	3	11	23	4	DE
1306808089	6	9	99	4	DE
2704822741	1	1	4	4	DE
2159039793	2	3	5	4	DE
2887014104	0	3	0	4	DE
2408339535	1	1	5	4	DE
2117360501	2	3	179	4	DE
2578734279	1	1	42	4	DE
2685164793	2	2	14	4	DE
2776391241	1	1	28	4	DE
2941804460	1	2	3	4	DE
2226413878	1	1	6	4	DE
2145413175	2	2	18	4	DE
66349219	2	3	176	4	DE
1984194814	4	4	57	4	DE
2974837177	3	3	369	4	DE
2157472551	2	4	83	4	DE
2973526849	2	3	17	4	DE
78671170	3	4	17	4	DE
2487775072	1	1	1	4	DE
2022469631	4	12	36	4	DE
2087482510	3	5	22	4	DE
2220128182	1	1	36	4	DE
2167961544	7	18	309	4	DE
2969860164	0	2	0	4	DE
2784786702	1	1	18	4	DE
1182039268	2	4	6	4	DE
2655026604	1	1	2	4	DE
2050260901	3	5	48	4	DE
2145419300	1	1	65	4	DE
2239529879	2	3	13	4	DE
1236042855	3	3	107	4	DE
2146469246	0	1	0	4	DE
2555938295	3	9	18	4	DE
2974582688	1	1	43	4	DE
2974058554	1	1	19	4	DE
2228258912	1	1	1	4	DE
2952824977	1	2	5	4	DE
2112653881	1	2	4	4	DE
2974059430	0	1	0	4	DE
2521074736	1	1	1	4	DE
2492501441	1	1	7	4	DE
2572979777	2	3	8	4	DE
2679934541	1	1	9	4	DE
2280951539	3	3	31	4	DE
2227736852	1	1	2	4	DE
2980614736	0	2	0	4	DE
2973537016	1	1	2	4	DE
2132317141	3	3	16	4	DE
271095083	2	6	18	4	DE
2228262298	2	7	21	4	DE
2491455102	1	1	5	4	DE
2302711426	2	2	7	4	DE
2780862188	1	2	1	4	DE
2304284486	4	11	49	4	DE
2669189328	1	1	1	4	DE
2649266682	1	2	4	4	DE
2496699178	1	1	2	4	DE
1997314874	4	19	75	4	DE
2649791684	0	1	0	4	DE
2942082522	0	1	0	4	DE
2230099709	1	2	2	4	DE
2618597279	1	1	9	4	DE
2635898796	1	2	1	4	DE
2597101847	0	1	0	4	DE
71869068	2	3	13	4	DE
2094834358	1	1	2	4	DE
2190254848	1	3	1	4	DE
2281218908	1	1	4	4	DE
2153030564	0	2	0	4	DE
2657134016	1	1	4	4	DE
2439292418	3	10	28	4	DE
2189993778	2	3	16	4	DE
2705893398	1	1	3	4	DE
1978443996	1	2	38	4	DE
2707991367	1	1	10	4	DE
1536208106	2	3	9	4	DE
2795810104	1	1	3	4	DE
2119478725	4	17	38	4	DE
2308747026	1	2	50	4	DE
2711662378	1	1	49	4	DE
2073866343	3	14	28	4	DE
2615718571	1	1	45	4	DE
2973807496	1	1	4	4	DE
2279650278	2	2	91	4	DE
2060498144	4	11	160	4	DE
2225387036	2	3	9	4	DE
2032187406	1	2	16	4	DE
2010691904	4	10	32	4	DE
250395279	3	8	63	4	DE
2252651368	2	4	5	4	DE
1978187018	2	5	17	4	DE
2770649121	1	2	1	4	DE
2224603400	1	1	16	4	DE
2159067591	2	2	154	4	DE
2285159371	0	1	0	4	DE
2663433264	1	1	18	4	DE
2184758577	1	3	3	4	DE
2464728596	5	24	139	4	DE
2973812302	1	1	28	4	DE
200853420	2	9	23	4	DE
2580596691	2	3	22	4	DE
2973813203	1	1	41	4	DE
2488322531	1	1	9	4	DE
1596246540	2	2	8	4	DE
362072983	4	9	105	4	DE
2974337951	1	1	7	4	DE
2194721972	2	13	8	4	DE
1225575795	1	1	5	4	DE
2163265008	2	3	8	4	DE
2791099996	0	1	0	4	DE
2647969636	1	1	25	4	DE
2687816188	1	1	21	4	DE
1598084032	4	10	38	4	DE
2149111917	6	7	135	4	DE
2304825750	4	8	104	4	DE
2227231343	6	17	114	4	DE
1971116697	6	10	98	4	DE
1992613523	0	2	0	4	DE
2977488657	0	1	0	4	DE
2334973802	0	2	0	4	DE
2794774412	2	4	9	4	DE
2154619498	3	5	28	4	DE
2792154276	1	1	2	4	DE
2343102061	0	1	0	4	DE
2484398548	1	1	1	4	DE
2952064405	2	2	13	4	DE
2940792996	1	1	3	4	DE
2328949546	1	1	1	4	DE
2125526020	1	1	1	4	DE
2398417966	0	1	0	4	DE
15005083	2	3	12	4	DE
2245588973	1	1	3	4	DE
2994010215	1	1	14	4	DE
2228811962	1	1	8	4	DE
2639853806	2	6	14	4	DE
2804219497	1	1	1	4	DE
2019098455	1	2	8	4	DE
2783773364	0	3	0	4	DE
2084635705	1	7	27	4	DE
2690975091	3	12	49	4	DE
2679965128	1	1	39	4	DE
2398684924	1	1	12	4	DE
2896234262	1	1	43	4	DE
2226980677	1	1	1	4	DE
2986412183	1	1	5	4	DE
2100103700	4	6	32	4	DE
2404977854	3	13	18	4	DE
2224098781	1	1	5	4	DE
2227769063	1	1	24	4	DE
17371083	9	20	278	4	DE
255135897	1	1	9	4	DE
2306675614	2	2	6	4	DE
161813679	11	50	354	4	DE
2144409209	2	8	27	4	DE
2341541645	3	4	44	4	DE
2672105465	1	1	6	4	DE
2703562861	1	1	43	4	DE
2095913680	4	6	79	4	DE
2068126523	1	2	4	4	DE
2224627142	2	4	18	4	DE
2336562984	1	1	8	4	DE
2128420813	1	2	18	4	DE
2257920010	1	1	65	4	DE
2200773323	13	28	557	4	DE
2137596671	2	2	14	4	DE
2570658643	1	1	1	4	DE
2622825363	1	3	4	4	DE
2170102767	1	1	9	4	DE
2980914659	0	1	0	4	DE
2790598992	1	2	6	4	DE
2420451713	1	1	4	4	DE
2464492212	3	3	53	4	DE
2075732824	3	4	58	4	DE
2036411325	2	3	7	4	DE
2413112425	1	1	9	4	DE
2558603020	1	2	2	4	DE
2016751468	1	3	23	4	DE
2497524173	1	1	2	4	DE
2235118079	2	3	23	4	DE
2064724693	1	1	4	4	DE
340079723	3	5	31	4	DE
1987916956	1	1	155	4	DE
2600285513	1	2	3	4	DE
2300917458	1	1	6	4	DE
2477864998	1	1	3	4	DE
2974890039	0	1	0	4	DE
2051881619	2	3	33	4	DE
2972007474	0	1	0	4	DE
309410986	1	2	2	4	DE
2894412975	3	3	37	4	DE
2014133524	2	4	9	4	DE
279527084	4	8	310	4	DE
2280996532	2	4	24	4	DE
2169061219	12	37	400	4	DE
2068922256	2	2	99	4	DE
2232238333	1	1	96	4	DE
2777760482	0	1	0	4	DE
2528724037	1	2	2	4	DE
2521384250	0	1	0	4	DE
2632009025	1	1	9	4	DE
2171160258	2	2	8	4	DE
2035631919	3	3	67	4	DE
2942126001	1	1	3	4	DE
278481637	1	1	3	4	DE
1936804636	3	4	22	4	DE
2742373313	1	1	5	4	DE
137449059	2	3	22	4	DE
2484687420	2	6	10	4	DE
2100122410	1	1	13	4	DE
75322468	2	2	35	4	DE
1546475314	2	2	129	4	DE
2148096311	1	2	10	4	DE
2947111612	2	3	20	4	DE
2494651389	4	12	44	4	DE
2225953798	1	1	6	4	DE
2310889294	1	1	13	4	DE
2702794716	3	4	32	4	DE
2609209846	1	1	2	4	DE
2131321374	3	5	32	4	DE
2617860708	1	1	44	4	DE
2554946557	0	2	0	4	DE
2973590760	1	1	4	4	DE
2234606922	0	1	0	4	DE
2898879995	1	1	2	4	DE
2129225259	2	2	37	4	DE
2963891899	0	2	0	4	DE
1943365342	4	10	71	4	DE
2695980899	1	1	2	4	DE
2140761515	3	5	19	4	DE
1749118510	0	2	0	4	DE
2313776846	1	1	35	4	DE
1974300560	2	2	11	4	DE
1961718232	7	8	151	4	DE
2973332002	1	1	14	4	DE
2718266001	0	1	0	4	DE
2138405008	3	9	124	4	DE
2981460886	0	1	0	4	DE
161315836	5	7	248	4	DE
2289138815	2	2	13	4	DE
2141290460	1	2	8	4	DE
2051637242	0	1	0	4	DE
2727182442	3	5	103	4	DE
2171961896	2	2	6	4	DE
171279427	6	8	264	4	DE
2511177036	2	3	7	4	DE
2139719175	8	25	214	4	DE
2123728447	3	4	23	4	DE
2041153158	3	10	54	4	DE
2230421683	0	1	0	4	DE
206145958	1	3	2	4	DE
2702543349	1	1	32	4	DE
2058717916	2	2	12	4	DE
2620230375	4	4	47	4	DE
2566228729	1	1	7	4	DE
2658766340	1	1	3	4	DE
2807926377	0	4	0	4	DE
2811072526	1	1	1	4	DE
2617610428	3	6	18	4	DE
173379815	2	4	32	4	DE
2223608216	1	1	6	4	DE
2493616854	1	1	2	4	DE
2499122021	2	4	28	4	DE
265393131	2	5	13	4	DE
2060030978	1	2	33	4	DE
2791412895	1	3	2	4	DE
2574881992	4	11	73	4	DE
2482607363	0	1	0	4	DE
2169869793	5	15	62	4	DE
2589562648	2	4	5	4	DE
2067372278	1	1	9	4	DE
2649594109	1	1	1	4	DE
2062653708	1	1	6	4	DE
2303302123	6	6	159	4	DE
2136054559	6	8	175	4	DE
2011536524	2	3	8	4	DE
2051120530	2	5	16	4	DE
2048499129	1	1	32	4	DE
1990827812	1	6	22	4	DE
2974654418	1	1	1	4	DE
2285478125	1	2	4	4	DE
1421190070	1	1	54	4	DE
2141299670	1	1	30	4	DE
2924848238	1	1	102	4	DE
2653529279	1	1	5	4	DE
2709890621	5	9	70	4	DE
2686035639	3	3	13	4	DE
2719328283	1	1	1	4	DE
2494671045	1	1	7	4	DE
2021763728	5	10	88	4	DE
2088349331	1	1	21	4	DE
184397748	9	14	584	4	DE
2146808070	2	6	48	4	DE
1654239681	1	1	2	4	DE
2087039632	1	1	50	4	DE
2070000714	1	2	3	4	DE
2129246253	5	7	284	4	DE
2733488749	0	1	0	4	DE
2974399094	1	1	11	4	DE
2485500563	1	1	7	4	DE
2315369149	3	5	20	4	DE
11647764	1	1	1	4	DE
2097790218	5	7	175	4	DE
2118762070	2	6	7	4	DE
721797476	4	6	145	4	DE
2337653288	0	1	0	4	DE
2121908790	4	7	215	4	DE
1989526607	5	5	325	4	DE
2953692618	4	30	73	4	DE
2974665956	1	1	3	4	DE
2486029614	3	6	22	4	DE
1778240975	2	5	92	4	DE
2304626667	1	1	7	4	DE
2312753224	1	1	1	4	DE
2229653618	1	1	8	4	DE
2228081004	1	1	17	4	DE
2233324287	2	3	21	4	DE
2936394641	2	2	11	4	DE
2667435057	0	2	0	4	DE
1676530979	2	3	14	4	DE
2793788816	1	1	18	4	DE
2307774291	1	2	3	4	DE
2794051571	1	1	18	4	DE
2015484110	3	3	47	4	DE
2128731314	2	7	14	4	DE
2060050099	1	3	2	4	DE
2068700936	3	6	23	4	DE
1969610720	1	1	4	4	DE
2725109904	1	1	2	4	DE
2551046427	1	3	3	4	DE
2675565451	1	1	2	4	DE
2790122579	1	1	2	4	DE
2131092840	2	5	66	4	DE
2313021229	0	3	0	4	DE
2798774231	1	2	35	4	DE
3004034011	0	1	0	4	DE
2088889353	3	4	55	4	DE
2144201859	5	10	53	4	DE
2522476212	2	4	24	4	DE
2686578565	1	2	13	4	DE
2801397685	1	1	2	4	DE
2222846365	0	1	0	4	DE
705557303	2	4	40	4	DE
2985948273	2	4	7	4	DE
2225993028	2	4	12	4	DE
2225468863	4	7	29	4	DE
2692085511	1	1	3	4	DE
1758066476	1	2	23	4	DE
2549479622	2	7	18	4	DE
2309355758	1	1	8	4	DE
2718824741	1	1	11	4	DE
105249392	3	4	17	4	DE
2144205507	3	5	20	4	DE
2608987196	1	1	35	4	DE
2157838025	5	6	64	4	DE
2942172905	1	1	27	4	DE
268304436	2	2	13	4	DE
2534015575	1	2	1	4	DE
1217266570	5	8	136	4	DE
2233861053	2	5	11	4	DE
1436156900	2	4	23	4	DE
2226521132	1	2	7	4	DE
2068448963	0	2	0	4	DE
2743994926	2	8	8	4	DE
2654080669	2	4	13	4	DE
2642284598	1	1	4	4	DE
1979584571	1	1	5	4	DE
2318274992	6	8	124	4	DE
42340958	2	6	10	4	DE
2548438090	2	6	10	4	DE
2302809697	1	1	18	4	DE
2108561392	2	16	31	4	DE
1762531780	3	4	16	4	DE
1840912940	4	7	30	4	DE
2020219540	3	4	65	4	DE
8526630	4	10	24	4	DE
17440394	2	2	7	4	DE
2121933006	2	3	33	4	DE
2722767135	5	8	36	4	DE
1241915906	4	9	82	4	DE
2100437735	1	3	9	4	DE
2067670242	2	2	22	4	DE
2119313655	1	3	15	4	DE
181283187	2	2	6	4	DE
2362583553	1	1	1	4	DE
2483694340	0	1	0	4	DE
2135042971	4	11	61	4	DE
2395352361	1	2	4	4	DE
1128934732	4	5	61	4	DE
2223910494	2	2	5	4	DE
2677157496	2	2	46	4	DE
2709139461	2	2	35	4	DE
2227581084	2	4	23	4	DE
2894737657	1	3	1	4	DE
2778084028	1	1	1	4	DE
2168861425	4	8	119	4	DE
2222863615	1	1	19	4	DE
144062126	4	6	33	4	DE
2314614500	1	1	8	4	DE
2092840684	1	1	9	4	DE
2914400158	1	2	1	4	DE
233977822	7	60	215	4	DE
2496280761	1	2	6	4	DE
2110929244	3	4	127	4	DE
2277652847	1	2	10	4	DE
2778872906	1	1	90	4	DE
2681879863	1	1	4	4	DE
2889498437	0	2	0	4	DE
2147369324	1	2	4	4	DE
2075542497	1	3	1	4	DE
2974434455	1	1	25	4	DE
2150778297	1	6	4	4	DE
2342930204	1	3	5	4	DE
2396407608	1	2	1	4	DE
2216052583	2	7	11	4	DE
2941405046	2	2	16	4	DE
2343454755	0	1	0	4	DE
2567850123	2	3	12	4	DE
2002405843	0	1	0	4	DE
190204388	2	5	16	4	DE
2232569660	1	1	10	4	DE
2334281646	1	1	10	4	DE
1168527413	2	3	46	4	DE
2049855778	2	2	84	4	DE
2179617397	1	1	17	4	DE
1973834608	8	22	188	4	DE
2163626889	8	22	201	4	DE
2224182191	1	1	63	4	DE
2222871646	1	1	3	4	DE
2430751869	4	7	100	4	DE
1891784042	2	3	5	4	DE
2012634024	2	4	11	4	DE
2228640847	4	7	34	4	DE
2336644343	1	1	5	4	DE
2640469340	2	2	35	4	DE
2808765946	0	1	0	4	DE
2308595461	4	11	54	4	DE
2339004783	1	1	54	4	DE
2690277770	2	2	8	4	DE
1939235583	3	7	49	4	DE
2223924330	3	15	56	4	DE
2037015687	1	2	8	4	DE
386819410	2	4	31	4	DE
2713611675	1	1	9	4	DE
2566287019	1	1	3	4	DE
2064281326	3	3	16	4	DE
1475243867	2	3	66	4	DE
2715185023	1	1	1	4	DE
2280812665	4	4	379	4	DE
1975939670	3	4	21	4	DE
2712040616	1	1	3	4	DE
2395894980	1	1	2	4	DE
2467460687	2	3	11	4	DE
2148431468	1	1	155	4	DE
2396681864	2	10	12	4	DE
2224715490	1	1	2	4	DE
1489139486	3	8	64	4	DE
85358604	5	10	144	4	DE
1703574154	2	2	5	4	DE
2712566593	1	1	9	4	DE
2159442839	3	8	26	4	DE
2403499023	1	2	7	4	DE
2228125185	2	2	15	4	DE
2717023845	1	1	9	4	DE
2001108614	0	1	0	4	DE
2503900920	3	3	22	4	DE
1903329143	4	6	36	4	DE
2988081434	1	1	9	4	DE
1561231726	2	3	10	4	DE
933134800	3	6	41	4	DE
303727844	3	11	24	4	DE
2805892347	2	2	8	4	DE
2304673191	2	2	13	4	DE
2612692528	4	6	36	4	DE
2153940677	11	17	546	4	DE
2901575601	1	1	2	4	DE
2110425177	1	10	39	4	DE
2216331362	1	2	164	4	DE
2016839982	2	3	16	4	DE
2206108303	5	12	137	4	DE
1980665079	1	5	6	4	DE
2120912468	2	2	181	4	DE
286166825	3	3	50	4	DE
2897384106	0	1	0	4	DE
1989841760	1	1	12	4	DE
2102563959	2	2	6	4	DE
2803799254	0	1	0	4	DE
2620298487	2	4	7	4	DE
193893645	1	5	6	4	DE
2024707400	2	4	15	4	DE
2952959471	2	3	47	4	DE
2901055062	0	1	0	4	DE
2079757969	1	2	4	4	DE
2634717106	3	9	49	4	DE
2054068201	12	23	513	4	DE
2488178708	1	3	2	4	DE
2607978581	2	3	59	4	DE
2225773385	1	3	2	4	DE
2627116165	1	2	29	4	DE
2697108874	1	1	3	4	DE
2601950699	2	3	7	4	DE
2097061617	10	29	306	4	DE
1976213367	11	26	477	4	DE
2761596848	1	1	10	4	DE
2764218342	1	1	9	4	DE
2963972178	1	1	1	4	DE
1616814395	1	1	26	4	DE
2974720448	2	2	47	4	DE
2402984388	1	1	1	4	DE
2675352047	1	1	8	4	DE
35824216	0	1	0	4	DE
2168104229	5	10	83	4	DE
2567611937	1	1	2	4	DE
2504697487	1	2	7	4	DE
97429814	1	1	2	4	DE
2890574284	1	3	3	4	DE
2344267431	1	2	7	4	DE
2646519807	1	1	34	4	DE
2946936995	5	24	89	4	DE
2084221484	1	3	7	4	DE
2101523002	2	3	339	4	DE
727102083	5	9	92	4	DE
2286596876	4	6	52	4	DE
2222896007	1	1	13	4	DE
1991160940	3	7	29	4	DE
2798826606	0	1	0	4	DE
2092086587	3	3	53	4	DE
2278471141	1	1	3	4	DE
414627373	4	5	117	4	DE
1931130585	2	9	45	4	DE
2681124827	2	3	8	4	DE
2632366258	1	1	7	4	DE
1971763463	2	5	26	4	DE
1978841451	0	2	0	4	DE
2646522271	0	1	0	4	DE
2420817395	2	3	19	4	DE
2556083788	1	1	6	4	DE
34258719	9	33	541	4	DE
1886830439	4	6	184	4	DE
30326894	1	1	4	4	DE
2955591969	0	2	0	4	DE
2492383619	1	2	18	4	DE
2006630917	1	3	8	4	DE
225100474	1	6	5	4	DE
2012660859	0	2	0	4	DE
2014233800	1	1	39	4	DE
2436547803	4	14	42	4	DE
1273152814	4	11	79	4	DE
2706032018	3	6	24	4	DE
2228405913	1	1	3	4	DE
2628437729	1	1	20	4	DE
2940913407	1	1	6	4	DE
2281359125	1	2	25	4	DE
2896349327	1	1	1	4	DE
2120927426	1	3	13	4	DE
1806879057	1	2	13	4	DE
2277952297	1	1	12	4	DE
2794113854	3	3	44	4	DE
2346897215	2	2	28	4	DE
2000867159	1	2	23	4	DE
2510475577	3	3	97	4	DE
2807485260	2	4	5	4	DE
2974208993	1	1	2	4	DE
180802725	3	3	119	4	DE
2701317634	1	1	1	4	DE
2102318716	9	21	201	4	DE
2173098209	1	1	5	4	DE
2156583241	5	7	78	4	DE
2226575940	2	2	6	4	DE
2666454302	1	1	43	4	DE
2277432631	2	2	8	4	DE
2630541074	1	1	34	4	DE
2976833610	1	1	1	4	DE
2847072438	2	2	5	4	DE
2618745049	1	1	2	4	DE
2719408645	1	1	2	4	DE
2222646138	3	6	22	4	DE
1929307224	5	11	59	4	DE
2224220060	1	1	6	4	DE
2673797213	1	1	7	4	DE
1564928160	4	8	268	4	DE
288811205	1	1	3	4	DE
2151082206	1	1	18	4	DE
2642864425	1	1	32	4	DE
2239162805	8	10	269	4	DE
2645748179	1	3	6	4	DE
2516250065	1	1	27	4	DE
2973953557	0	1	0	4	DE
2013195970	7	11	628	4	DE
2971594495	0	1	0	4	DE
1413673732	19	81	1248	4	DE
2479813471	1	1	15	4	DE
2692150136	4	5	46	4	DE
2923885591	2	2	98	4	DE
2076374122	1	1	4	4	DE
2650731750	1	1	7	4	DE
2570253753	0	1	0	4	DE
2060121603	2	5	28	4	DE
2896361084	1	2	1	4	DE
2675373843	1	1	2	4	DE
2941187995	1	1	4	4	DE
77527630	2	3	5	4	DE
2157378147	2	5	17	4	DE
2226322090	1	1	1	4	DE
2157902559	2	3	5	4	DE
2144534486	3	4	18	4	DE
2083717165	1	4	2	4	DE
2516516958	2	5	7	4	DE
2041512128	1	1	19	4	DE
2488206018	2	9	16	4	DE
2127234212	4	5	25	4	DE
688064121	10	22	251	4	DE
2600142786	1	4	3	4	DE
2225277210	1	1	7	4	DE
1972046269	5	6	45	4	DE
2952989149	1	1	2	4	DE
2102332087	2	6	7	4	DE
2777877296	1	1	60	4	DE
2946698150	1	1	1	4	DE
2504199331	2	3	17	4	DE
2677739250	2	2	5	4	DE
2107051818	9	24	284	4	DE
2463043474	1	1	18	4	DE
2302873609	3	10	77	4	DE
1996165291	6	18	112	4	DE
2320699706	1	1	5	4	DE
10948935	8	14	459	4	DE
1972835552	3	6	26	4	DE
2269845473	1	1	3	4	DE
2598311972	2	4	19	4	DE
2282166488	1	1	34	4	DE
2225019389	1	1	55	4	DE
2165775713	3	5	22	4	DE
234036852	2	2	17	4	DE
1917263856	4	13	99	4	DE
2212757501	3	6	13	4	DE
2567381125	1	2	2	4	DE
2166300925	3	5	24	4	DE
2610635034	2	2	15	4	DE
2497913836	3	6	23	4	DE
2262508822	2	6	7	4	DE
1902323284	2	2	11	4	DE
2308122318	1	2	2	4	DE
2017667014	2	2	23	4	DE
2185701400	7	31	250	4	DE
2659133653	1	1	4	4	DE
2021861651	6	8	116	4	DE
2230004002	1	1	6	4	DE
1273178518	4	7	159	4	DE
2338007513	1	1	7	4	DE
115026542	1	4	1	4	DE
2724932432	2	2	57	4	DE
2117544821	5	11	90	4	DE
2002988006	3	3	55	4	DE
2798857378	2	2	18	4	DE
2712612005	1	1	66	4	DE
2129603959	1	2	11	4	DE
2113089070	2	4	7	4	DE
2104438524	2	3	52	4	DE
92746622	14	31	452	4	DE
2694526549	1	5	7	4	DE
2035496743	1	1	4	4	DE
2344827553	1	1	16	4	DE
2106276560	1	2	1	4	DE
2397518637	1	1	10	4	DE
2642361391	5	11	119	4	DE
2543533400	1	1	13	4	DE
2059353472	2	4	9	4	DE
1977564649	5	7	148	4	DE
2495037077	4	5	44	4	DE
2789949359	2	5	22	4	DE
2488221852	0	2	0	4	DE
2491105825	1	1	11	4	DE
2000372840	3	3	205	4	DE
2281915572	1	1	5	4	DE
2779465227	1	1	3	4	DE
1768113920	8	14	509	4	DE
2074036395	1	1	3	4	DE
2558478859	6	13	63	4	DE
207309860	1	4	8	4	DE
1918585930	1	1	27	4	DE
2941471848	1	2	1	4	DE
2062765487	1	2	5	4	DE
2507624144	6	6	367	4	DE
93015758	4	9	88	4	DE
2551926553	1	1	25	4	DE
2096321396	4	4	95	4	DE
1984385966	4	14	43	4	DE
2546947094	0	1	0	4	DE
2512606385	1	1	3	4	DE
2638435518	1	1	8	4	DE
2228180264	1	1	28	4	DE
2089768307	1	3	4	4	DE
2913686938	1	1	6	4	DE
2161333945	2	3	7	4	DE
280188875	2	3	26	4	DE
2951698738	1	1	1	4	DE
2127255984	2	7	36	4	DE
2092915420	1	1	10	4	DE
2098420836	3	4	24	4	DE
2287426718	1	1	5	4	DE
2777113182	1	1	86	4	DE
2643944168	1	1	6	4	DE
2011390721	3	4	43	4	DE
2628740025	2	2	27	4	DE
2941478969	3	3	64	4	DE
2728618555	1	2	36	4	DE
2313644624	2	2	9	4	DE
2013489783	2	3	10	4	DE
2949344182	2	2	550	4	DE
2395958683	1	1	9	4	DE
2396483604	5	25	113	4	DE
2324394093	1	2	1	4	DE
2403561942	5	12	58	4	DE
1518040136	3	14	46	4	DE
2295297235	2	3	10	4	DE
2941220382	4	5	85	4	DE
2219800818	8	31	231	4	DE
2162915731	3	12	18	4	DE
1972075328	2	3	32	4	DE
2154003509	0	1	0	4	DE
2498198927	1	1	5	4	DE
2977398372	0	1	0	4	DE
566722569	1	5	9	4	DE
2127265920	1	2	2	4	DE
2717876695	1	1	1	4	DE
2109440895	6	9	133	4	DE
2188084384	4	11	67	4	DE
2317583530	1	2	15	4	DE
2190968115	1	1	6	4	DE
2643428805	2	5	15	4	DE
2922350217	1	1	3	4	DE
2664662922	1	5	6	4	DE
1980991652	1	2	22	4	DE
2711063078	1	1	32	4	DE
2674363363	1	1	19	4	DE
2115734656	2	3	10	4	DE
2535427331	1	1	9	4	DE
2029751685	1	4	8	4	DE
2224262994	2	4	7	4	DE
2231865276	2	4	5	4	DE
2282721777	4	4	307	4	DE
2984743911	3	7	66	4	DE
124490952	3	11	27	4	DE
2501875323	4	6	137	4	DE
1949276227	3	4	24	4	DE
1973655653	1	1	2	4	DE
2278791281	1	1	2	4	DE
2573442325	2	7	12	4	DE
216244182	1	2	2	4	DE
2987368747	1	1	8	4	DE
2222957057	0	1	0	4	DE
2649203347	3	6	32	4	DE
2438439626	2	2	33	4	DE
2027398119	2	2	9	4	DE
2009572394	2	2	11	4	DE
2342233485	1	5	9	4	DE
2431886860	4	8	29	4	DE
686794387	1	1	34	4	DE
695969539	2	2	60	4	DE
1211869317	2	5	90	4	DE
1231005890	5	14	60	4	DE
2892999118	2	4	10	4	DE
2162141887	5	9	140	4	DE
2580785858	4	8	47	4	DE
2538581133	0	1	0	4	DE
2973478365	1	1	8	4	DE
2044964836	2	5	13	4	DE
2778968046	2	3	10	4	DE
229879864	4	11	89	4	DE
2155065914	2	9	11	4	DE
2329654040	1	1	1	4	DE
2165551965	3	4	12	4	DE
2641868098	0	1	0	4	DE
197113592	9	22	192	4	DE
2680142880	2	2	85	4	DE
2129640656	1	1	6	4	DE
2147990803	2	3	12	4	DE
2334375292	0	1	0	4	DE
1902362068	2	2	24	4	DE
2568994446	1	1	3	4	DE
2793651898	1	1	17	4	DE
2147729420	4	4	51	4	DE
2442379420	1	1	1	4	DE
2567684722	0	1	0	4	DE
2554839972	2	2	5	4	DE
2695611940	1	1	21	4	DE
2971125571	0	1	0	4	DE
2647902262	2	3	12	4	DE
2074331839	1	3	4	4	DE
2714487785	1	1	10	4	DE
2119421146	4	10	37	4	DE
2987380061	1	1	8	4	DE
2940456486	2	2	17	4	DE
2135674431	10	42	377	4	DE
2758266481	2	2	40	4	DE
2294009728	2	4	13	4	DE
2796015530	1	1	11	4	DE
2118636039	2	3	12	4	DE
2157957847	2	4	31	4	DE
1944835405	6	18	145	4	DE
2678314911	0	1	0	4	DE
1971313364	0	1	0	4	DE
2228214841	2	2	6	4	DE
2628508881	1	1	4	4	DE
2550652587	1	1	7	4	DE
1247010658	1	1	1	4	DE
2798903179	1	2	3	4	DE
2130961032	12	41	444	4	DE
2115494704	1	4	9	4	DE
1857807217	1	1	17	4	DE
2127553739	3	9	21	4	DE
2802050652	1	2	3	4	DE
2403591875	1	2	6	4	DE
278653161	1	1	2	4	DE
2981619971	6	8	588	4	DE
2575034648	1	2	9	4	DE
2112612745	7	19	111	4	DE
2098194890	6	31	85	4	DE
2481973946	1	1	3	4	DE
2596531043	6	16	110	4	DE
2044718108	1	1	10	4	DE
2586046021	4	5	1333	4	DE
2326261385	1	1	1	4	DE
2676748175	1	1	3	4	DE
2973495418	1	1	6	4	DE
2580279688	1	3	7	4	DE
2635330026	1	1	3	4	DE
2557997576	0	2	0	4	DE
2973234377	1	1	1	4	DE
2695362320	3	4	75	4	DE
2493511608	0	1	0	4	DE
2268330049	4	7	35	4	DE
376174898	3	9	19	4	DE
2559310264	1	2	2	4	DE
2222456261	1	1	3	4	DE
2304507633	4	18	40	4	DE
1930952640	2	2	63	4	DE
2304771485	1	1	185	5	DE
1498678688	3	3	66	5	DE
2172782990	0	1	0	5	DE
2784365805	0	1	0	5	DE
1832259394	0	1	0	5	DE
2572292535	1	1	1	5	DE
672142247	3	9	27	5	DE
2334790969	1	2	2	5	DE
2974684586	2	2	22	5	DE
2480543797	1	1	2	5	DE
2786728290	1	2	10	5	DE
2303204751	1	1	8	5	DE
2755403407	0	3	0	5	DE
2624462510	1	4	4	5	DE
2637570538	1	1	1	5	DE
2418418431	1	1	19	5	DE
2159945203	2	3	41	5	DE
2279484602	2	2	5	5	DE
1782328953	6	21	631	5	DE
2396401410	1	2	3	5	DE
2130194247	2	2	32	5	DE
1969107170	0	1	0	5	DE
2974429488	1	1	9	5	DE
2467181552	2	2	45	5	DE
2622240114	1	1	10	5	DE
2791716780	1	1	3	5	DE
2483042641	0	1	0	5	DE
2131769836	2	7	36	5	DE
2686990949	1	1	1	5	DE
1998208368	1	2	3	5	DE
2770747164	0	1	0	5	DE
2680045714	0	1	0	5	DE
2121287228	1	2	9	5	DE
2309507166	1	3	3	5	DE
2634566192	1	1	7	5	DE
2403748761	1	1	2	5	DE
319311498	3	10	18	5	DE
2576764908	1	1	2	5	DE
2283034877	1	1	1	5	DE
2655148503	0	1	0	5	DE
2433244115	1	1	7	5	DE
1919835660	3	3	181	5	DE
821585297	3	8	36	5	DE
2027054723	1	1	2	5	DE
2103470367	2	3	4	5	DE
2916641407	3	3	20	5	DE
2507303711	0	1	0	5	DE
2976673487	0	2	0	5	DE
2316595267	0	1	0	5	DE
2500882858	1	2	8	5	DE
2133095157	3	7	26	5	DE
2103604323	1	2	10	5	DE
2549643084	1	1	2	5	DE
2979429036	0	1	0	5	DE
2317253331	2	12	8	5	DE
2787409159	1	17	3	5	DE
2297730652	1	3	1	5	DE
1902024338	1	1	16	5	DE
2304284703	3	4	21	5	DE
350132384	0	1	0	5	DE
2336660298	0	1	0	5	DE
2498141028	1	1	1	5	DE
2013568499	2	10	5	5	DE
1983291458	3	4	95	5	DE
2018943234	2	2	12	5	DE
2153161105	2	4	9	5	DE
2703663780	1	1	4	5	DE
2791352502	1	1	3	5	DE
1893903433	3	5	83	5	DE
2949951193	5	10	63	5	DE
2798956493	2	2	20	5	DE
2223550584	1	1	24	5	DE
2633675633	1	1	25	5	DE
2597893005	1	2	4	5	DE
2011476970	0	1	0	5	DE
2095494209	1	1	6	5	DE
2052240907	1	1	3	5	DE
2697115983	1	2	5	5	DE
2571024910	0	1	0	5	DE
2791095197	0	3	0	5	DE
321174653	6	11	117	5	DE
2060108625	4	12	36	5	DE
2740635438	0	1	0	5	DE
2973944655	1	1	14	5	DE
2975781561	0	1	0	5	DE
2592002835	1	1	6	5	DE
2668811665	1	1	4	5	DE
2648102430	1	1	1	5	DE
2973423411	1	1	6	5	DE
2953762746	1	1	1	5	DE
727505628	3	4	65	5	DE
2227886847	0	2	0	5	DE
2638274433	1	1	21	5	DE
2769215524	1	2	1	5	DE
2031806166	5	9	152	5	DE
2770659411	0	1	0	5	DE
2164976177	1	2	84	5	DE
1025174322	2	4	15	5	DE
2739596409	0	1	0	5	DE
2695163926	1	1	1	5	DE
2973299574	0	1	0	5	DE
2639459508	1	1	3	5	DE
2974086613	2	4	302	5	DE
2974218196	1	1	2	5	DE
2578249840	1	1	1	5	DE
2899245376	2	6	6	5	DE
2435774794	1	1	2	5	DE
2645621575	3	6	19	5	DE
2708537722	0	1	0	5	DE
2653620762	1	2	5	5	DE
1977813881	7	14	180	5	DE
2636582033	0	1	0	5	DE
2296450806	1	4	4	5	DE
2470384166	1	1	14	5	DE
2511017533	1	1	1	5	DE
2937656963	1	1	2	5	DE
2897419760	1	3	1	5	DE
2401574724	1	2	1	5	DE
2106400669	5	5	55	5	DE
456073283	1	1	9	5	DE
2570265205	2	2	21	5	DE
2771854638	1	1	128	5	DE
2717197892	1	1	2	5	DE
1988438616	1	6	4	5	DE
2633575222	1	1	6	5	DE
1874144121	2	5	17	5	DE
2134584993	1	1	1	5	DE
362885530	3	3	27	5	DE
2661366610	1	2	3	5	DE
2466069612	1	1	1	5	DE
746274018	1	1	3	5	DE
2336701816	1	1	1	5	DE
2067219659	1	4	1	5	DE
2751154805	1	1	2	5	DE
2985774450	1	1	3	5	DE
2735821920	0	1	0	5	DE
2783794286	0	1	0	5	DE
2711442606	2	2	119	5	DE
2106021954	1	2	2	5	DE
2096848087	0	3	0	5	DE
2046779224	1	1	43	5	DE
2053595484	1	1	3	5	DE
2974508295	1	1	4	5	DE
2571855405	1	1	11	5	DE
2694146076	3	3	163	5	DE
2554424901	0	2	0	5	DE
2973593753	1	1	1	5	DE
2797039964	4	4	277	5	DE
2503045921	1	6	10	5	DE
361330477	2	5	6	5	DE
2429909129	1	1	24	5	DE
2485221556	1	1	3	5	DE
2989194984	0	1	0	5	DE
2374862052	1	1	2	5	DE
2973337537	1	1	1	5	DE
2134477522	3	5	106	5	DE
2804257354	1	2	1	5	DE
2786039597	1	1	6	5	DE
2706741701	0	1	0	5	DE
2147458717	1	1	3	5	DE
2975834208	0	1	0	5	DE
2709758538	0	1	0	5	DE
2679480938	1	1	116	5	DE
1768008115	1	1	16	5	DE
2400168453	1	1	3	5	DE
2601888302	1	2	4	5	DE
884452231	1	1	36	5	DE
2762058873	1	1	59	5	DE
2992745891	0	1	0	5	DE
2482220502	0	1	0	5	DE
2505944757	1	1	12	5	DE
2116399330	2	2	32	5	DE
2666509589	1	1	6	5	DE
2553918758	0	2	0	5	DE
2341320813	1	1	1	5	DE
2497035035	1	1	1	5	DE
625458904	2	3	88	5	DE
2072362717	1	1	21	5	DE
2677391806	0	1	0	5	DE
2869412677	6	7	397	5	DE
2026226922	3	4	75	5	DE
2063320471	3	4	83	5	DE
2974403999	1	1	2	5	DE
2073415139	0	1	0	5	DE
2370948594	1	1	45	5	DE
2223624251	2	3	13	5	DE
2171590283	3	4	22	5	DE
2647775536	1	2	1	5	DE
233431342	3	6	20	5	DE
2979783570	0	1	0	5	DE
2097931353	1	1	1	5	DE
2973492457	1	1	16	5	DE
2583291938	1	2	1	5	DE
2111039725	3	10	118	5	DE
2114841123	1	2	3	5	DE
2281696838	1	1	1	5	DE
2973626667	1	1	2	5	DE
2033187529	1	1	1	5	DE
2150234959	2	2	7	5	DE
2708601723	2	7	6	5	DE
2550135898	1	1	2	5	DE
2022571193	2	13	15	5	DE
2667314388	2	6	15	5	DE
2080636242	3	11	23	5	DE
2685699105	1	1	3	6	DE
2786592200	0	1	0	6	DE
2785937123	1	3	1	6	DE
2702608786	1	4	3	6	DE
2055735733	1	2	1	6	DE
2805305953	0	2	0	6	DE
2028311266	1	1	12	6	DE
2494666006	2	2	27	6	DE
2482280052	1	1	5	6	DE
2443319284	1	1	1	6	DE
141302115	1	3	2	6	DE
1013916586	3	9	493	6	DE
2704943220	1	1	3	6	DE
2143300518	1	1	7	6	DE
1898425684	3	4	29	6	DE
2068950730	1	1	1	6	DE
2411180360	2	2	69	6	DE
2711696971	1	1	18	6	DE
2723133799	0	1	0	6	DE
2148383272	1	1	7	6	DE
2396997277	0	1	0	6	DE
2592392969	1	1	3	6	DE
2645118382	1	1	5	6	DE
2114739123	1	1	7	6	DE
2058542432	1	1	464	6	DE
2504646099	0	3	0	6	DE
2710495246	1	1	12	6	DE
2893111637	0	1	0	6	DE
2560124674	1	5	3	6	DE
2499864331	1	1	30	6	DE
1921575850	1	1	2	6	DE
2588077212	1	1	1	6	DE
2274915681	1	1	1	6	DE
2890201597	0	1	0	6	DE
2097216471	3	3	22	6	DE
2167439091	5	6	120	6	DE
2493194829	1	3	3	7	DE
2336392061	1	3	5	7	DE
2219058644	4	9	33	7	DE
2910816302	0	1	0	7	DE
2559658271	2	2	22	7	DE
2604690209	1	1	4	7	DE
2666752838	1	1	5	7	DE
174329893	3	4	55	7	DE
2665017569	1	1	31	7	DE
1245860164	0	5	0	7	DE
2154287872	0	1	0	7	DE
2335061103	0	1	0	7	DE
2295420150	0	1	0	7	DE
2276497863	0	2	0	7	DE
2069986212	0	5	0	7	DE
2515540923	1	1	2	7	DE
