2436602830	36	106	4118	1	NL
2153221339	4	5	1855	1	NL
2039349267	7	15	175	2	NL
694944117	50	458	8071	2	NL
2759656120	1	1	18	2	NL
1170375562	10	19	568	2	NL
1941703068	9	12	1073	2	NL
2147389281	11	19	774	2	NL
1966937354	5	7	271	2	NL
1882723750	13	33	991	2	NL
2134119880	10	21	242	2	NL
2973538462	5	5	102	2	NL
52861153	13	19	888	2	NL
2138282786	19	71	2393	2	NL
2158271650	6	19	186	2	NL
2308480454	18	54	1507	2	NL
2150931929	6	17	110	2	NL
2011078109	5	8	599	2	NL
2162499173	2	2	146	2	NL
1983586666	6	20	4863	2	NL
2052399801	18	177	1360	2	NL
2141857133	18	40	892	2	NL
1993778958	4	7	43	2	NL
2044536833	14	25	632	2	NL
1963993346	18	35	1794	2	NL
2045979122	9	17	501	2	NL
2100669492	11	11	908	2	NL
594784636	13	42	887	2	NL
2029630618	2	3	7	2	NL
325530817	32	223	10540	2	NL
2117678684	3	4	47	2	NL
2155034726	15	34	1808	2	NL
2293677468	3	4	215	2	NL
2102511683	9	39	429	2	NL
2582366689	1	1	59	2	NL
2610318245	3	5	197	2	NL
92229816	48	239	19692	2	NL
2171098213	7	35	126	2	NL
270949118	80	496	24661	2	NL
2132991267	23	122	4067	2	NL
2138792078	16	33	3153	2	NL
2215339380	2	2	19	2	NL
2088986780	28	66	5139	2	NL
1977116929	8	14	2278	2	NL
2185062712	1	1	97	2	NL
2098457734	17	25	2708	2	NL
2071556263	7	20	107	2	NL
2309125292	3	4	24	2	NL
2168976896	5	7	487	2	NL
2321120173	8	17	475	2	NL
2068905476	16	28	1815	2	NL
2243952695	7	25	131	3	NL
2307784873	2	3	27	3	NL
2304245990	4	13	56	3	NL
2137916624	3	9	23	3	NL
2136868164	4	10	54	3	NL
2546468349	4	7	65	3	NL
2947810898	0	1	0	3	NL
2107247324	11	40	355	3	NL
2736393608	1	4	5	3	NL
2761428561	2	3	15	3	NL
1984958513	13	32	484	3	NL
2578191185	1	2	2	3	NL
2752124827	4	5	72	3	NL
2143820544	9	28	402	3	NL
2477399210	12	21	408	3	NL
128196436	10	38	480	3	NL
1991254068	14	62	488	3	NL
2167677619	3	5	19	3	NL
330834673	2	6	34	3	NL
2131502067	10	25	281	3	NL
2147099728	16	56	725	3	NL
1989551706	14	47	521	3	NL
2086939094	22	120	1311	3	NL
52964742	5	10	117	3	NL
1971467754	11	26	455	3	NL
2558015611	10	47	359	3	NL
2498115868	9	16	396	3	NL
1529363178	17	23	1683	3	NL
2489728274	1	1	10	3	NL
2911649799	1	1	8	3	NL
2030714940	16	46	1349	3	NL
2222604740	3	13	27	3	NL
187974485	6	10	296	3	NL
2029929575	8	14	229	3	NL
2973910392	1	1	217	3	NL
2128496110	11	37	547	3	NL
685787115	10	58	299	3	NL
2776648157	1	1	3	3	NL
2112506875	16	59	812	3	NL
2039762356	7	23	166	3	NL
2140032880	5	6	111	3	NL
2222739514	1	1	169	3	NL
2435863471	3	5	25	3	NL
404641204	5	15	100	3	NL
2626836868	1	7	6	3	NL
2952682594	5	8	231	3	NL
2017486809	4	6	34	3	NL
2634181277	3	8	27	3	NL
2240047825	3	5	29	3	NL
293629293	4	10	84	3	NL
2012901464	5	8	86	3	NL
2051306429	14	53	759	3	NL
2775874888	5	8	811	3	NL
2036366740	7	17	764	3	NL
27033215	17	59	1749	3	NL
2011463409	2	2	20	3	NL
1880523047	4	22	63	3	NL
2027324718	4	9	25	3	NL
2313848640	1	1	39	3	NL
2973272010	1	1	26	3	NL
2141358104	6	22	136	3	NL
2095614965	12	52	390	3	NL
2095615308	10	23	293	3	NL
2224984295	1	1	1	3	NL
2122355454	2	3	22	3	NL
2313458794	1	2	131	3	NL
30185817	1	1	49	3	NL
268082079	18	33	1158	3	NL
2127469880	7	13	164	3	NL
1639489275	6	10	352	3	NL
2156831401	9	24	372	3	NL
2276502696	3	3	198	3	NL
2561715456	16	35	586	3	NL
2123018128	4	4	72	3	NL
1984607908	11	20	434	3	NL
2118695079	17	29	1062	3	NL
2012920330	7	15	236	3	NL
2810231467	2	2	93	3	NL
2739322045	13	69	740	3	NL
1978842830	8	23	155	3	NL
2308357884	5	24	76	3	NL
2001913141	12	19	759	3	NL
2562114877	3	6	30	3	NL
2097726790	5	10	115	3	NL
2073348590	13	20	2057	3	NL
2974600249	1	1	1	3	NL
336252225	18	34	1037	3	NL
2230898360	1	1	136	3	NL
2008862903	3	8	19	3	NL
2144129856	14	42	755	3	NL
2157499286	8	10	446	3	NL
2720977880	1	1	7	3	NL
2178208866	12	20	505	3	NL
2109265691	11	13	592	3	NL
2589121072	13	31	931	3	NL
2343361605	1	2	5	3	NL
2964774303	1	1	11	3	NL
2096553437	19	51	1326	3	NL
2973949873	1	1	8	3	NL
2116477006	16	35	1008	3	NL
1834147927	5	7	242	3	NL
2231428330	2	2	28	3	NL
2659902732	1	1	4	3	NL
2145839003	5	15	83	3	NL
1942809697	1	1	27	3	NL
2142564275	12	25	426	3	NL
2091971223	5	7	373	3	NL
1953822202	7	11	107	3	NL
2779446400	4	8	1035	3	NL
2659908903	1	1	33	3	NL
2169306426	6	18	163	3	NL
2127494540	12	31	417	3	NL
2056978407	6	6	433	3	NL
1987379874	9	28	293	3	NL
2493842136	1	1	51	3	NL
2007958803	11	39	486	3	NL
2565145950	5	10	335	3	NL
2627536308	1	1	17	3	NL
2145584793	6	13	156	3	NL
2302609604	2	2	42	3	NL
1489439054	7	8	171	3	NL
2627800346	2	2	70	3	NL
2129857867	2	3	32	3	NL
2224098661	17	109	989	3	NL
2144406890	10	17	1124	3	NL
2058030690	11	17	732	3	NL
2234322819	6	15	85	3	NL
2713259936	1	1	6	3	NL
2110985677	14	19	1085	3	NL
2146244056	1	1	87	3	NL
256972569	16	80	752	3	NL
2106268010	3	16	40	3	NL
2805275107	17	113	1042	3	NL
2135628542	5	17	245	3	NL
2225544250	1	1	23	3	NL
2563448381	1	1	6	3	NL
2986682035	14	55	719	3	NL
2143627581	1	2	3	3	NL
2571184949	1	1	2	3	NL
2108763382	5	12	52	3	NL
2229218570	1	1	16	3	NL
2225811719	10	63	401	3	NL
2607624524	1	3	4	3	NL
2123839443	15	34	809	3	NL
2637249055	2	5	41	3	NL
2308913880	1	1	1	3	NL
2033794588	6	16	75	3	NL
1989231789	4	11	55	3	NL
2070496659	22	82	2362	3	NL
2115979219	24	108	2927	3	NL
2011909280	1	1	8	3	NL
2159103787	10	66	521	3	NL
2031309036	5	17	59	3	NL
2941080314	1	3	25	3	NL
2676314937	1	2	9	3	NL
2275890166	7	21	171	3	NL
2344834196	4	7	156	3	NL
2153862313	19	100	1176	3	NL
2075481397	18	50	960	3	NL
2609076717	3	4	30	3	NL
2226870817	1	1	1	3	NL
2618514471	7	9	150	3	NL
2106940802	12	41	330	3	NL
2702665049	1	1	6	3	NL
1569810681	1	1	13	3	NL
2516806245	3	3	17	3	NL
2638965426	1	1	5	3	NL
2768858226	8	12	359	3	NL
2893376708	3	4	27	3	NL
2096065938	1	1	106	3	NL
2677502172	1	1	2	3	NL
33780060	10	43	304	3	NL
197227752	17	27	1270	3	NL
2001435011	2	2	27	3	NL
2612885919	2	2	31	3	NL
2314960760	1	1	2	3	NL
2147976405	12	70	532	3	NL
2231338934	2	3	47	3	NL
1596033415	13	30	1326	3	NL
2973731499	1	1	14	3	NL
168528640	10	25	1315	3	NL
2067761996	3	3	48	3	NL
2210368943	8	33	253	3	NL
2024248447	5	7	85	3	NL
1987548630	3	3	38	3	NL
2154272337	8	21	261	3	NL
2022283126	4	4	126	3	NL
2764544553	2	4	8	3	NL
2606868320	2	3	27	3	NL
2114299798	7	16	171	3	NL
2226499597	8	9	290	3	NL
2163193909	4	5	64	3	NL
2066987223	11	24	368	3	NL
2942548700	3	4	67	3	NL
2054798130	19	197	1864	3	NL
2599928387	2	2	24	3	NL
2169227892	9	26	215	3	NL
2206583591	8	33	209	3	NL
2308427053	14	103	1060	3	NL
2017185894	6	21	88	3	NL
2795230024	3	4	48	3	NL
2494944504	1	1	14	3	NL
2960775448	1	1	7	3	NL
2887113280	3	3	45	3	NL
2096750829	14	27	1165	3	NL
2124801273	3	3	10	3	NL
2906908258	1	2	7	3	NL
2789993033	7	16	121	3	NL
2136730719	1	1	6	3	NL
2014573485	2	6	142	3	NL
2328492150	1	2	4	3	NL
2414869350	2	2	103	3	NL
2144861337	20	89	1179	3	NL
2591818511	1	1	9	4	NL
2989755209	0	1	0	4	NL
2223246591	1	1	14	4	NL
2287210641	1	2	3	4	NL
2158764003	1	1	20	4	NL
2225348748	1	2	1	4	NL
2979799519	0	2	0	4	NL
1397237021	3	4	95	4	NL
2915837401	1	1	13	4	NL
2952537710	3	3	47	4	NL
2974821758	0	1	0	4	NL
2041065561	7	12	942	4	NL
1594634530	1	1	20	4	NL
2011183309	2	3	17	4	NL
2232170749	1	1	2	4	NL
2287745387	1	1	11	4	NL
2565093768	1	1	1	4	NL
2070952558	2	3	77	4	NL
1981037544	5	6	67	4	NL
2977971596	0	2	0	4	NL
2731819977	1	1	1	4	NL
2574272391	2	3	24	4	NL
2108967771	23	65	1565	4	NL
1999916554	1	1	4	4	NL
793793467	3	7	55	4	NL
2040288243	1	1	4	4	NL
2190761347	1	1	42	4	NL
2124177259	2	5	13	4	NL
2696175499	0	3	0	4	NL
2039767014	2	2	31	4	NL
1964270108	1	1	42	4	NL
2689099010	1	1	6	4	NL
1890084512	3	7	17	4	NL
2441635806	6	10	93	4	NL
2476763255	1	2	1	4	NL
2116577441	1	1	49	4	NL
2125752566	1	2	6	4	NL
2144104551	5	5	55	4	NL
2316596299	6	6	230	4	NL
2478339340	5	5	293	4	NL
2095348636	4	8	71	4	NL
2973793480	1	2	28	4	NL
2106622451	1	1	3	4	NL
2582151987	1	1	29	4	NL
1995212316	1	1	6	4	NL
344754417	3	5	51	4	NL
2780596688	1	1	36	4	NL
2737869391	8	14	995	4	NL
2050266950	6	11	106	4	NL
2118162249	2	2	6	4	NL
2319750996	4	10	37	4	NL
2531826498	1	1	26	4	NL
2475203739	1	1	8	4	NL
2159324064	1	2	5	4	NL
2172431353	1	1	34	4	NL
1975824237	2	4	33	4	NL
2631709481	1	1	43	4	NL
2413344109	3	5	64	4	NL
2503784793	2	3	29	4	NL
2250029702	5	9	89	4	NL
1993653350	12	47	550	4	NL
2966469931	1	1	4	4	NL
1213514153	1	1	105	4	NL
2159068218	2	3	64	4	NL
2072824985	4	8	149	4	NL
2517159739	1	2	3	4	NL
2108478247	1	1	86	4	NL
1793643506	3	12	24	4	NL
2172181154	3	3	74	4	NL
2139413268	3	5	12	4	NL
2476269068	1	1	37	4	NL
2885214633	0	1	0	4	NL
250669073	1	1	66	4	NL
2989288102	1	1	7	4	NL
2287268069	0	1	0	4	NL
2059202814	2	6	18	4	NL
2231169843	1	1	16	4	NL
1791294846	7	21	458	4	NL
2228027344	1	1	16	4	NL
2224358645	2	2	7	4	NL
1990790404	3	6	13	4	NL
2460291322	1	1	32	4	NL
2803700530	6	6	109	4	NL
587536333	16	50	814	4	NL
2257656268	2	3	46	4	NL
2098011300	2	5	36	4	NL
244392986	1	3	19	4	NL
2288854540	1	1	38	4	NL
1981885051	1	1	13	4	NL
2840931074	2	3	22	4	NL
39663851	2	3	33	4	NL
2010987200	3	5	28	4	NL
2108768209	8	9	250	4	NL
2694924672	2	2	14	4	NL
2588494232	1	1	10	4	NL
2580105820	1	1	11	4	NL
2748927504	4	6	54	4	NL
2588757612	1	4	1	4	NL
2083606586	2	6	19	4	NL
2133414463	2	2	31	4	NL
2501203344	1	1	7	4	NL
2604226546	1	2	2	4	NL
2298567777	1	1	3	4	NL
213212885	3	4	101	4	NL
2194497534	3	3	17	4	NL
2798477557	4	4	44	4	NL
2099078786	1	2	1	4	NL
2150983348	2	2	175	4	NL
2974641255	1	1	4	4	NL
2598727189	2	3	8	4	NL
2618388188	1	1	4	4	NL
1990815607	3	5	220	4	NL
2973331413	1	1	35	4	NL
2974642882	1	1	2	4	NL
2980410167	0	1	0	4	NL
2052682562	2	4	49	4	NL
2003399668	5	6	96	4	NL
1965127929	4	7	102	4	NL
2145221023	2	5	12	4	NL
2115861603	5	6	60	4	NL
1989246635	6	6	539	4	NL
2464776082	1	4	5	4	NL
2117697825	2	3	6	4	NL
2034600254	6	10	67	4	NL
2134740355	2	3	6	4	NL
2084933316	1	1	176	4	NL
2310640730	1	1	19	4	NL
2787219893	1	1	1	4	NL
2650119497	1	1	16	4	NL
2916459467	0	1	0	4	NL
2098833299	6	13	104	4	NL
2472654134	4	5	247	4	NL
2655631649	1	1	8	4	NL
2606873292	1	1	1	4	NL
2099100539	1	1	2	4	NL
2654059656	1	2	4	4	NL
2689187818	1	1	2	4	NL
2970993562	1	1	11	4	NL
2151269662	6	13	123	4	NL
2004731335	2	6	23	4	NL
2288896185	1	1	4	4	NL
2407910327	1	1	31	4	NL
2636762703	1	1	6	4	NL
2096484654	1	1	8	4	NL
2114835231	3	3	96	4	NL
2519062571	1	4	13	4	NL
2752895765	1	1	1	4	NL
2973621290	1	1	13	4	NL
1089593142	2	3	21	4	NL
2973360058	2	2	23	4	NL
2477383662	0	1	0	4	NL
1981408239	5	10	458	4	NL
2516446027	1	1	53	4	NL
2051403311	1	1	7	4	NL
2971005937	0	2	0	4	NL
2691036498	1	1	1	4	NL
2609772018	7	9	450	4	NL
2562849704	1	1	36	4	NL
2102526312	6	6	189	4	NL
356910785	2	3	81	4	NL
309464022	5	8	222	4	NL
2100957024	6	7	98	4	NL
2900758428	0	1	0	4	NL
2422608056	2	4	7	4	NL
2895778422	2	2	49	4	NL
2297304323	4	10	42	4	NL
1999510652	4	4	534	4	NL
2147884970	1	2	24	4	NL
2615813313	1	1	39	4	NL
2302029354	11	15	800	4	NL
2917019552	1	1	13	4	NL
2963419095	0	2	0	4	NL
1860579896	8	9	193	4	NL
2100180092	2	2	143	4	NL
2147633336	5	12	50	4	NL
1989824398	7	12	130	4	NL
2805354995	1	1	2	4	NL
2872463958	3	4	69	4	NL
2491306754	1	1	2	4	NL
2822133340	7	12	142	4	NL
152721662	3	3	35	4	NL
1997953862	7	10	215	4	NL
2224184266	1	1	1	4	NL
2085248102	3	3	75	4	NL
2138466403	7	16	105	4	NL
2131127532	1	1	1	4	NL
2286580116	1	1	20	4	NL
2144761404	10	26	416	4	NL
2669836091	1	2	18	4	NL
2573367790	1	2	3	4	NL
2395372449	6	7	226	4	NL
2603777354	1	1	7	4	NL
2566291120	1	2	1	4	NL
2066908127	5	7	92	4	NL
2563146743	1	1	69	4	NL
2114880687	4	7	58	4	NL
2229437955	1	1	1	4	NL
2102823236	1	1	17	4	NL
2127466571	1	1	10	4	NL
2510722029	1	1	2	4	NL
2289211160	0	1	0	4	NL
2797246474	1	2	1	4	NL
2691865214	1	1	16	4	NL
2805898063	0	1	0	4	NL
2070847036	2	2	16	4	NL
2307040322	3	3	29	4	NL
2089985872	4	7	75	4	NL
2646517672	5	5	285	4	NL
2652809227	0	1	0	4	NL
2016848088	7	17	229	4	NL
2666444369	1	1	42	4	NL
2129574841	4	7	80	4	NL
2192228961	2	5	145	4	NL
2298663420	4	4	70	4	NL
2025509628	1	1	5	4	NL
2124601768	2	3	32	4	NL
2138495580	5	7	119	4	NL
24304601	2	5	31	4	NL
2142952837	1	1	23	4	NL
2014502462	1	1	6	4	NL
2511003985	1	1	2	4	NL
2900288445	1	2	20	4	NL
2206131506	1	1	16	4	NL
2669342156	1	1	9	4	NL
2052779821	14	37	899	4	NL
2677207425	2	2	38	4	NL
2406677406	3	7	25	4	NL
2953248557	1	1	22	4	NL
1998520137	16	49	694	4	NL
1594035810	2	2	40	4	NL
2653622363	4	4	236	4	NL
2922844810	4	4	80	4	NL
2911312904	0	2	0	4	NL
2135369325	1	1	1	4	NL
1328228005	3	3	13	4	NL
2070358172	3	5	51	4	NL
2952997526	1	1	97	4	NL
2010066284	3	5	44	4	NL
2767401461	2	3	6	4	NL
2146644488	1	4	4	4	NL
2977904023	2	3	14	4	NL
2222144567	0	1	0	4	NL
2171289852	1	1	52	4	NL
2224245702	1	2	9	4	NL
2154518846	1	1	7	4	NL
2096586064	6	7	81	4	NL
2615108077	1	1	9	4	NL
2148229700	2	9	16	4	NL
1672700603	1	1	60	4	NL
1990158557	3	9	56	4	NL
2664393307	2	2	21	4	NL
2560847320	2	2	170	4	NL
2566090536	0	1	0	4	NL
2970841131	0	2	0	4	NL
1984132417	2	2	94	4	NL
1923053112	5	12	241	4	NL
2162391366	3	6	66	4	NL
2070641452	4	10	174	4	NL
2172879865	4	4	192	4	NL
2002749005	2	2	7	4	NL
2430570047	2	3	35	4	NL
2660471710	0	1	0	4	NL
2973996276	0	1	0	4	NL
1899206144	3	16	124	4	NL
2306053693	1	1	27	4	NL
1242012063	2	2	42	4	NL
2102369419	2	3	121	4	NL
2080349847	1	1	4	4	NL
2778702293	1	2	10	4	NL
2112856837	4	8	74	4	NL
1547675075	2	8	16	4	NL
2991564967	4	7	33	4	NL
2689313506	1	1	12	4	NL
2073799784	6	13	132	4	NL
2085072488	0	1	0	4	NL
2224271839	1	1	17	4	NL
2883826148	1	1	3	4	NL
2012198377	2	2	90	4	NL
2124658658	5	7	98	4	NL
2095823745	1	1	2	4	NL
2918169801	1	1	7	4	NL
2144582910	16	40	925	4	NL
2225585416	1	1	2	4	NL
1974189442	2	2	28	4	NL
2052833305	13	62	693	4	NL
2294006847	1	2	1	4	NL
2159002950	2	7	8	4	NL
2052311269	1	3	2	4	NL
2419838299	1	1	18	4	NL
2753810281	1	1	12	4	NL
2618806498	2	3	13	4	NL
226218316	6	7	424	4	NL
2675167763	1	1	3	4	NL
2974801434	1	1	24	4	NL
2094784124	6	6	161	4	NL
2123882247	2	6	62	4	NL
2419843910	1	1	65	4	NL
2258889219	6	13	312	4	NL
2089021330	2	4	78	4	NL
2059923856	1	1	19	4	NL
1998321303	4	19	53	4	NL
2185494032	1	1	1	4	NL
2799173582	1	1	6	4	NL
2027029003	2	4	45	5	NL
2756054568	1	1	4	5	NL
2623934086	1	2	11	5	NL
1913919574	2	2	6	5	NL
2596544867	1	2	34	5	NL
2923439708	1	1	8	5	NL
2010525411	1	2	12	5	NL
2311073855	1	1	56	5	NL
2008692587	1	1	19	5	NL
2001616626	0	1	0	5	NL
2302820857	1	2	6	5	NL
2793424023	3	3	149	5	NL
2786739722	1	1	1	5	NL
2571520106	0	1	0	5	NL
2506642412	1	2	4	5	NL
2717930562	1	1	30	5	NL
2825149364	1	1	4	5	NL
661152554	1	1	253	5	NL
2219599659	3	5	40	5	NL
2911531064	0	1	0	5	NL
2123921890	3	4	21	5	NL
2069528039	1	1	5	5	NL
2275970199	1	1	1	5	NL
2089589623	1	1	1	5	NL
2131142060	1	1	2	5	NL
2593039870	1	1	41	5	NL
2667621283	2	3	12	5	NL
2920986995	1	1	2	5	NL
2480194366	2	2	45	5	NL
266392198	2	2	19	5	NL
2973423218	1	1	28	5	NL
2037046108	4	8	44	5	NL
2669337767	1	1	18	5	NL
2634604420	1	1	65	5	NL
2693195144	1	1	13	5	NL
2013718159	2	2	35	5	NL
2029578462	2	3	13	5	NL
2776951149	1	2	6	5	NL
2488332613	0	1	0	5	NL
2467362031	0	1	0	5	NL
2491741473	2	2	5	5	NL
2635528548	1	1	3	5	NL
2986934657	1	1	20	5	NL
2737508322	0	2	0	5	NL
2691240446	1	1	192	5	NL
2983926207	1	1	2	5	NL
1452219225	0	1	0	5	NL
2137595793	2	3	29	5	NL
1941906125	1	2	1	5	NL
2701600627	2	2	1373	5	NL
2800170462	0	1	0	5	NL
2489139760	1	1	2	5	NL
2898610153	2	4	8	5	NL
2109032610	1	1	3	5	NL
2299350317	1	1	44	5	NL
2988658930	1	1	7	5	NL
2966770007	0	1	0	5	NL
2975815463	1	1	23	5	NL
2986563432	1	1	14	5	NL
2986563646	1	1	14	5	NL
2305777540	2	3	21	5	NL
2778161096	2	3	11	5	NL
2656397753	0	1	0	5	NL
2138139826	1	1	14	5	NL
2677635054	1	1	11	5	NL
2157017680	3	6	28	5	NL
2179693515	2	3	8	5	NL
2910945605	0	1	0	5	NL
2584709949	1	1	21	5	NL
2103151917	2	3	63	5	NL
2552469952	1	1	10	5	NL
1991351554	1	1	253	5	NL
2023202635	1	1	19	5	NL
2967055138	1	3	2	5	NL
2800333391	1	1	18	5	NL
2112467799	5	5	286	5	NL
2970861826	0	1	0	5	NL
2100939849	2	2	19	5	NL
2164117560	1	3	4	5	NL
2776882949	1	1	1	5	NL
2699288908	1	1	4	5	NL
2616062209	1	3	271	5	NL
2284843550	1	1	4	5	NL
2672816786	1	1	9	5	NL
2611608341	1	1	11	5	NL
2050165575	2	2	10	6	NL
2883296208	1	1	6	6	NL
2171943378	1	1	6	6	NL
2253178795	1	1	6	6	NL
2670880514	1	1	9	6	NL
2802838493	0	1	0	6	NL
2951441464	2	2	20	6	NL
2090036673	0	1	0	6	NL
2802052794	1	1	3	6	NL
2225140758	1	1	2	6	NL
692135232	3	3	30	7	NL
2664713074	1	1	4	7	NL
2614908185	1	1	4	7	NL
2473008033	0	1	0	7	NL
