2285275206	1	1	404	1	NO
2155688665	17	88	882	1	NO
1097462565	7	19	150	1	NO
1987922762	1	1	4	1	NO
1259581358	8	24	190	1	NO
2279539718	1	2	1	2	NO
2659747775	20	89	1435	2	NO
889915573	4	6	71	2	NO
2068253019	1	2	12	2	NO
330961483	10	14	207	2	NO
2042630910	43	415	7337	2	NO
2096993570	8	41	273	2	NO
2112231172	3	6	19	2	NO
2182846247	1	3	23	2	NO
323986432	4	6	24	2	NO
2129734402	2	10	11	2	NO
2682530656	1	1	3	2	NO
2461707492	2	2	26	2	NO
2721427888	2	7	10	2	NO
2010235023	2	14	32	2	NO
322945782	3	7	36	2	NO
2151141971	18	117	1268	2	NO
1923830530	21	139	1730	2	NO
347069363	9	22	300	2	NO
266919649	12	25	556	2	NO
2973654776	1	1	11	2	NO
2395004810	1	1	1	2	NO
2276812403	2	2	15	2	NO
253914207	5	10	110	2	NO
34337518	28	104	3017	2	NO
198932061	24	93	1667	2	NO
2129098911	4	4	45	2	NO
2112158468	4	4	153	2	NO
2307526394	7	16	206	3	NO
2507543607	7	31	243	3	NO
218768310	5	5	182	3	NO
2110923711	4	8	68	3	NO
2536384005	1	1	1	3	NO
2231906653	3	3	38	3	NO
239221713	12	32	545	3	NO
2004106957	9	19	262	3	NO
2230730986	7	13	267	3	NO
304236320	7	70	205	3	NO
82986800	10	45	312	3	NO
229657702	19	42	994	3	NO
2158778376	6	11	379	3	NO
2025742053	23	99	1822	3	NO
2152751312	7	20	146	3	NO
2256822898	49	438	10226	3	NO
2006478772	4	4	116	3	NO
1973581900	9	20	236	3	NO
58619981	11	20	591	3	NO
2397994332	1	1	15	3	NO
2054194992	3	6	66	3	NO
2526263	8	21	138	3	NO
243044226	4	5	378	3	NO
170301163	21	107	1752	3	NO
667460400	16	26	1223	3	NO
2223416766	1	1	3	3	NO
240693454	17	76	1006	3	NO
2001515464	14	29	1542	3	NO
1978578528	3	6	185	3	NO
2503523429	4	7	53	3	NO
37405146	1	4	5	3	NO
1852099109	5	12	97	3	NO
2973814513	1	1	152	3	NO
2005850882	26	188	2414	3	NO
2105203527	2	3	9	3	NO
2042814376	6	15	133	3	NO
2715738987	4	6	89	3	NO
108848975	9	18	340	3	NO
2069294212	16	120	860	3	NO
2168780489	2	6	14	3	NO
705755140	17	53	797	3	NO
2127231194	2	2	80	3	NO
2974746559	1	1	4	3	NO
2170095706	7	8	304	3	NO
2151746802	18	24	893	3	NO
2305889188	0	1	0	3	NO
2951946579	0	1	0	3	NO
2110595727	21	65	1733	3	NO
2096310938	12	54	507	3	NO
2145600857	5	6	197	3	NO
2086488370	3	4	108	3	NO
177686941	3	7	216	3	NO
2050051422	1	1	3	3	NO
2097242898	5	7	43	3	NO
280847563	3	9	176	3	NO
2001561299	3	5	21	3	NO
1752263418	2	4	11	3	NO
2888526967	1	1	15	3	NO
2575527996	1	1	2	3	NO
2162389810	2	13	17	3	NO
1989506726	3	9	31	3	NO
1829205719	4	9	37	3	NO
2157545034	2	2	11	3	NO
651533223	6	10	128	3	NO
205626641	1	2	1	3	NO
2691936886	10	28	293	3	NO
2304620008	6	25	188	3	NO
2225845875	2	2	13	3	NO
2147468645	15	48	727	3	NO
1979568583	8	51	269	3	NO
2646070705	2	2	137	3	NO
2131879128	2	4	19	3	NO
2972052657	9	23	208	3	NO
318897244	3	6	165	3	NO
2953182397	1	2	3	3	NO
73925634	2	8	16	4	NO
292816434	4	5	31	4	NO
1205078816	5	13	59	4	NO
1975783673	1	2	1	4	NO
2033461614	5	10	50	4	NO
2016948822	2	4	32	4	NO
2335984367	1	1	17	4	NO
1360811116	3	4	48	4	NO
110124965	2	8	19	4	NO
1997039896	2	10	16	4	NO
2225108215	4	6	35	4	NO
2347005856	1	1	48	4	NO
2428535371	10	52	296	4	NO
2224592213	2	3	18	4	NO
2000200029	5	9	77	4	NO
2973278779	1	1	6	4	NO
2230365304	1	1	2	4	NO
2226435983	1	1	498	4	NO
2990589472	0	1	0	4	NO
1614597783	3	4	12	4	NO
2947862724	0	2	0	4	NO
2986137631	1	1	5	4	NO
225237809	3	7	82	4	NO
2800803801	0	1	0	4	NO
2151214166	2	8	19	4	NO
2306927983	1	2	5	4	NO
2227501113	1	5	3	4	NO
2114256136	5	10	134	4	NO
2437746605	1	2	2	4	NO
2472612898	1	1	1	4	NO
2161187223	6	13	135	4	NO
2427525727	1	3	6	4	NO
2654282091	1	1	7	4	NO
1425351437	2	2	30	4	NO
2275486091	1	1	2	4	NO
2222804248	3	4	46	4	NO
1985302369	3	9	41	4	NO
2229096597	2	3	37	4	NO
2581419667	1	2	5	4	NO
2224644310	1	1	17	4	NO
46227862	9	13	506	4	NO
2988010139	0	2	0	4	NO
2130277333	6	9	78	4	NO
2401861334	3	8	36	4	NO
2229372254	1	1	10	4	NO
2003143510	4	17	61	4	NO
2646712875	1	1	146	4	NO
2136327026	8	11	198	4	NO
2047462361	3	8	42	4	NO
2226511547	1	1	9	4	NO
2772824650	2	2	6	4	NO
1965422152	2	3	20	4	NO
2980976339	0	1	0	4	NO
2120620113	4	9	118	4	NO
2072648299	5	8	60	4	NO
2306745102	1	1	2	4	NO
2402956108	1	3	1	4	NO
2005023345	5	6	54	4	NO
2771014998	2	2	7	4	NO
2746636147	1	1	1	4	NO
2151577800	2	2	41	4	NO
2502852309	1	1	40	4	NO
1999274339	0	2	0	4	NO
2142931221	3	9	93	4	NO
2114095467	6	13	66	4	NO
38445037	2	6	16	4	NO
2759766682	1	3	4	4	NO
2979182550	2	6	9	4	NO
1985922767	3	7	70	4	NO
299816488	5	23	63	4	NO
2460940927	1	2	1	4	NO
2109146032	3	4	37	4	NO
1212876030	4	4	122	4	NO
2125404801	12	36	533	4	NO
1711480958	7	11	324	4	NO
2225021367	1	1	28	4	NO
1725114583	4	5	68	4	NO
2298685789	1	1	27	4	NO
290401492	6	10	197	4	NO
2303668169	2	2	5	4	NO
1912031071	1	2	23	4	NO
859524011	9	17	476	4	NO
2173131591	3	6	28	4	NO
2248106664	2	2	40	4	NO
2042330390	3	3	152	4	NO
2226095455	1	1	2	4	NO
2642395734	1	1	3	4	NO
2798638549	0	1	0	4	NO
1173872657	6	7	218	4	NO
2037114257	1	1	24	4	NO
321646848	2	4	4	4	NO
2810445579	1	1	5	4	NO
2435711004	1	1	2	5	NO
2197427102	1	2	2	5	NO
2317102505	1	2	3	5	NO
2219721117	2	2	22	5	NO
61887382	2	2	62	5	NO
2550688219	1	1	1	5	NO
1285194893	0	1	0	5	NO
2920973791	0	1	0	5	NO
2494468151	1	1	95	5	NO
2094044259	3	3	97	5	NO
2444139499	2	2	37	5	NO
2226037728	1	2	1	5	NO
2100746082	4	5	199	5	NO
1970728350	0	1	0	5	NO
665915010	1	2	8	5	NO
2068781466	4	4	79	5	NO
2134843346	1	1	42	5	NO
2434871076	1	1	11	5	NO
2593993793	1	1	56	5	NO
2313244789	1	1	6	5	NO
2274198245	1	1	32	5	NO
2224129628	1	1	1	5	NO
2598478279	1	3	4	5	NO
2179055991	1	1	6	5	NO
2122437007	3	4	65	5	NO
2154947225	1	1	11	5	NO
1998881195	1	1	34	6	NO
312843080	1	2	4	6	NO
2166575680	0	1	0	6	NO
2141765675	7	14	794	0	NO
2096116960	8	13	1346	0	NO
