181516391	14	194	957	1	PL
2304311618	1	4	4	2	PL
2195653352	3	8	31	2	PL
1569426100	6	27	89	2	PL
333450375	5	27	95	2	PL
1669435002	12	100	445	2	PL
1997936570	8	25	187	2	PL
1990007775	8	24	258	2	PL
288136762	20	36	1984	2	PL
2283153510	17	52	1252	2	PL
2804656611	1	3	1	2	PL
1903569422	2	11	15	2	PL
2560175014	1	3	3	2	PL
2179444589	10	44	363	2	PL
96416573	9	46	281	2	PL
106771303	31	213	4751	2	PL
2041492333	5	38	95	2	PL
2093954229	6	10	99	2	PL
84227554	8	16	233	2	PL
2124560479	5	27	93	2	PL
1840429485	7	26	125	2	PL
1534639335	5	32	69	2	PL
66175330	21	100	2827	2	PL
328682536	2	9	10	2	PL
2499956508	0	1	0	2	PL
2020135708	17	36	1254	2	PL
2045729693	1	1	12	2	PL
2560747425	3	7	20	2	PL
2012507924	3	9	15	2	PL
2506621262	1	1	11	3	PL
2154432304	2	2	17	3	PL
228985429	4	12	92	3	PL
2031225743	1	2	5	3	PL
2887258020	0	2	0	3	PL
1971067137	15	105	870	3	PL
2978751642	1	1	8	3	PL
2696163481	1	2	5	3	PL
2109486514	3	5	41	3	PL
1979072633	18	80	1922	3	PL
2330607755	13	35	678	3	PL
2628010486	2	10	8	3	PL
2052214923	2	8	16	3	PL
2125747908	15	71	757	3	PL
2230605541	1	1	6	3	PL
2048808816	10	22	489	3	PL
1963219948	5	21	105	3	PL
310926530	7	51	156	3	PL
344745590	4	11	43	3	PL
2552524732	1	1	8	3	PL
182218848	13	78	664	3	PL
2155507894	19	60	1447	3	PL
2804576680	1	6	6	3	PL
2161933239	10	44	399	3	PL
329677866	6	11	265	3	PL
1971093416	31	165	3343	3	PL
2403893395	2	5	4	3	PL
119706036	16	69	564	3	PL
2886243187	3	7	49	3	PL
2411764366	1	1	12	3	PL
2574557445	1	5	3	3	PL
1245489767	10	43	375	3	PL
57322097	5	14	212	3	PL
2974329495	1	1	31	3	PL
446737318	4	18	92	3	PL
2146348964	3	5	23	3	PL
219985149	9	28	410	3	PL
2036775681	1	7	1	3	PL
2555036181	1	5	8	3	PL
1868482103	1	1	10	3	PL
1112852261	10	30	329	3	PL
2225260970	8	28	196	3	PL
2763313205	1	1	2	3	PL
342151241	8	20	404	3	PL
2001527509	21	100	1687	3	PL
2096949012	5	37	122	3	PL
396160509	7	25	131	3	PL
2103639917	5	15	365	3	PL
2115044188	10	35	274	3	PL
282658983	10	73	404	3	PL
2132871797	18	64	1198	3	PL
2230260605	5	17	169	3	PL
2703038092	1	1	37	3	PL
272439653	8	56	354	3	PL
219094582	10	44	216	3	PL
2080842364	1	2	6	3	PL
2124751490	6	26	183	3	PL
2282693605	2	7	10	3	PL
2778284820	1	1	29	3	PL
2697021624	3	13	26	3	PL
1657489660	21	115	1396	3	PL
2042187634	3	8	66	3	PL
2810795111	9	38	553	3	PL
1983207011	2	2	19	3	PL
2245089380	4	6	56	3	PL
2139839554	8	15	195	3	PL
2810928195	5	10	186	3	PL
2114675426	4	6	88	3	PL
2615636201	2	2	16	3	PL
2443015069	2	8	6	3	PL
2901637770	1	1	3	3	PL
1914274644	2	10	28	3	PL
2052950713	9	26	185	3	PL
149785576	6	20	229	3	PL
2309591771	3	6	25	3	PL
2704906864	1	1	2	3	PL
18067265	16	52	677	3	PL
2160047603	3	6	26	3	PL
2560997882	2	3	4	3	PL
2115615403	1	3	3	3	PL
2106309357	2	6	12	3	PL
2626929959	13	37	695	3	PL
1969997740	6	16	237	3	PL
2577780517	0	1	0	3	PL
2433732725	4	58	63	3	PL
2684343268	1	1	5	3	PL
2233848894	5	16	72	3	PL
2511328905	1	1	2	3	PL
120575847	2	2	9	3	PL
2577127580	1	3	5	3	PL
2974013666	2	2	18	3	PL
2001067394	8	17	168	3	PL
824303598	11	38	269	3	PL
1819009777	2	2	32	3	PL
116777813	7	22	139	3	PL
935586785	2	2	20	3	PL
2102522099	4	14	31	3	PL
1986002299	2	3	19	3	PL
2952265150	6	9	211	3	PL
1492909716	7	46	157	3	PL
45882046	9	41	227	4	PL
2941004804	1	2	1	4	PL
2055484635	1	3	55	4	PL
2608085819	2	4	15	4	PL
429669447	2	5	29	4	PL
257442811	3	9	20	4	PL
2040285436	4	6	79	4	PL
2089313872	9	33	254	4	PL
1966630843	3	12	63	4	PL
1973971029	3	3	113	4	PL
2794220712	1	1	3	4	PL
98331846	4	19	258	4	PL
2109502266	7	20	114	4	PL
2156164071	3	5	24	4	PL
743214299	7	24	146	4	PL
2043186548	14	80	771	4	PL
2056818560	4	9	23	4	PL
2558038095	1	1	4	4	PL
2743898360	1	2	1	4	PL
2007273795	6	20	120	4	PL
255628008	4	20	44	4	PL
2292487920	1	6	6	4	PL
2106892845	2	6	8	4	PL
2079107226	6	13	181	4	PL
2024581386	2	3	18	4	PL
2480452297	0	1	0	4	PL
2462105824	3	4	14	4	PL
2151205281	7	24	133	4	PL
2078854029	1	5	5	4	PL
1955122308	2	5	16	4	PL
2056572213	0	1	0	4	PL
2515848569	0	1	0	4	PL
2128661946	0	1	0	4	PL
2973290675	1	1	11	4	PL
2230112872	1	1	3	4	PL
2081477893	1	1	2	4	PL
842587853	12	45	384	4	PL
2269699945	1	1	1	4	PL
1164239807	7	25	198	4	PL
1820650782	2	4	13	4	PL
2776428245	1	1	7	4	PL
2645619536	2	3	6	4	PL
2727934332	1	3	5	4	PL
2042952198	6	14	105	4	PL
1983448790	2	8	16	4	PL
1984762064	4	5	47	4	PL
2698324034	2	8	19	4	PL
2074161312	2	2	31	4	PL
2024092455	5	8	44	4	PL
2226206426	3	3	28	4	PL
56449010	5	8	57	4	PL
2322685775	1	1	4	4	PL
2308792163	2	2	10	4	PL
2506713042	1	1	2	4	PL
2112974072	1	4	2	4	PL
1984786051	4	10	88	4	PL
2222550997	1	1	25	4	PL
1603891893	0	1	0	4	PL
2973857351	4	8	172	4	PL
2229892958	3	5	74	4	PL
2323743455	2	2	14	4	PL
200377077	8	16	183	4	PL
2428602445	1	1	2	4	PL
2069203793	2	4	9	4	PL
2486800280	1	3	6	4	PL
2133432410	2	5	14	4	PL
2012322957	6	19	78	4	PL
1988468972	1	1	1	4	PL
2213650776	14	45	465	4	PL
2686036506	1	2	2	4	PL
2576985397	4	9	33	4	PL
1963307876	2	4	21	4	PL
1140438122	1	3	5	4	PL
2488122821	1	1	3	4	PL
1997128308	6	23	233	4	PL
2325596439	2	3	7	4	PL
1982451217	5	12	51	4	PL
2395594598	0	1	0	4	PL
2065818251	2	5	13	4	PL
335669983	3	4	29	4	PL
2092822733	8	27	136	4	PL
37616832	4	7	50	4	PL
213783072	3	6	105	4	PL
2906004068	1	1	2	4	PL
2974426769	2	2	8	4	PL
2709400749	1	1	13	4	PL
1158820421	7	22	145	4	PL
2024687897	1	1	12	4	PL
1243763178	5	10	213	4	PL
189682845	9	18	232	4	PL
145119021	12	20	693	4	PL
2668782725	0	1	0	4	PL
132540541	2	3	12	4	PL
2725407887	2	2	16	4	PL
1892055337	4	19	39	4	PL
2518842606	4	5	88	4	PL
2247262549	6	22	102	4	PL
2476114304	1	4	1	4	PL
2498925173	1	1	74	4	PL
1966776278	3	16	20	4	PL
2018683063	1	3	2	4	PL
2538514765	0	1	0	4	PL
2884808065	1	3	7	4	PL
2005315049	3	4	152	4	PL
1243263486	4	15	102	4	PL
2053028201	4	20	99	4	PL
2132982280	3	9	28	4	PL
2711010984	5	5	738	4	PL
2034944030	4	18	37	4	PL
2574175623	1	3	6	4	PL
2663829168	2	6	7	4	PL
2229196191	0	1	0	4	PL
2906577582	0	1	0	4	PL
1997727637	6	23	212	4	PL
2042294535	3	4	59	4	PL
2069297863	1	1	4	4	PL
1993538418	3	9	24	4	PL
742062991	3	4	23	4	PL
2693463779	1	1	1	4	PL
1999833289	12	26	472	4	PL
2223448725	1	1	1	4	PL
2932548577	0	1	0	4	PL
1267672704	5	9	97	4	PL
1693920072	0	3	0	4	PL
2125148328	6	6	75	4	PL
2972659964	0	1	0	4	PL
2016883062	4	10	42	4	PL
2564765451	0	2	0	4	PL
324745390	2	4	14	4	PL
2512863825	1	1	3	4	PL
2635548001	2	2	19	4	PL
256856704	7	21	217	4	PL
2476694469	0	1	0	4	PL
13065793	1	1	15	4	PL
2697160839	1	2	3	4	PL
2463855258	1	1	7	4	PL
145978960	2	3	15	4	PL
2307882900	4	6	50	4	PL
2096074147	3	9	23	4	PL
2294522249	6	11	125	4	PL
2029236745	3	11	30	4	PL
2785524947	0	4	0	4	PL
2316549954	4	9	46	4	PL
182960659	4	6	39	4	PL
2924202095	4	7	92	4	PL
283368692	9	19	195	4	PL
2154028459	3	4	20	4	PL
2105009009	3	3	13	4	PL
2003297171	3	7	30	4	PL
1445455562	12	38	581	4	PL
106164088	2	2	31	4	PL
2784491184	0	1	0	4	PL
2025846560	5	11	125	4	PL
2273835445	3	9	32	4	PL
1060895552	3	5	25	4	PL
2973499148	1	1	9	4	PL
2972585156	0	1	0	5	PL
2801276595	1	1	1	5	PL
2038044465	0	3	0	5	PL
2275809490	1	1	5	5	PL
2483299137	2	8	14	5	PL
2527475643	0	1	0	5	PL
1576417483	1	1	4	5	PL
2409646503	1	2	8	5	PL
2661437052	1	1	17	5	PL
381571614	1	5	4	5	PL
2045139436	1	1	9	5	PL
2106219980	0	3	0	5	PL
2673761859	2	2	32	5	PL
2575720654	1	1	1	5	PL
2307548701	2	4	14	5	PL
690382388	1	3	2	5	PL
2000977083	0	3	0	5	PL
282492718	1	1	10	5	PL
2025368843	2	3	18	5	PL
2597499041	1	5	2	5	PL
2098115205	1	1	34	5	PL
2913514885	0	1	0	5	PL
2504439956	0	1	0	5	PL
2611395061	0	8	0	5	PL
1247590922	5	13	56	5	PL
2518728260	2	4	5	5	PL
2714681078	1	1	2	5	PL
1214431882	2	4	55	5	PL
2073215716	2	2	115	5	PL
2114505010	1	3	6	5	PL
2477182632	0	1	0	5	PL
2480459628	1	1	11	5	PL
2253969126	1	1	4	5	PL
1833359521	2	5	11	5	PL
2640633762	1	1	40	5	PL
2760044889	1	1	8	5	PL
2531456441	1	1	1	5	PL
2475358955	4	11	42	5	PL
2295922208	3	10	34	5	PL
2610103182	0	1	0	5	PL
2043481238	4	7	45	5	PL
2265779634	1	2	4	5	PL
2564231786	4	9	18	5	PL
2423331310	2	2	17	5	PL
2059869292	2	2	55	5	PL
1833377248	2	2	16	5	PL
114763222	2	3	32	5	PL
2689280634	0	1	0	5	PL
2119773364	1	1	2	5	PL
2803183721	0	1	0	5	PL
2344694258	1	1	5	5	PL
2759277445	1	1	2	5	PL
2095922451	4	17	62	5	PL
1707294049	5	10	96	5	PL
2344304133	3	4	47	5	PL
2429895008	2	2	7	5	PL
2477081586	0	1	0	5	PL
2018723690	2	2	29	5	PL
2052147594	2	2	46	5	PL
784421105	5	13	182	5	PL
1973113988	1	3	5	5	PL
1987794784	1	4	12	5	PL
2424264967	0	1	0	5	PL
2900058297	0	1	0	5	PL
2747494263	0	1	0	5	PL
1978626590	1	1	2	5	PL
2169731465	6	9	104	5	PL
2508948712	2	13	17	5	PL
1002671445	4	7	33	5	PL
1902611997	1	1	20	5	PL
2954203535	6	14	68	5	PL
2805834503	0	1	0	5	PL
1775609198	2	3	8	5	PL
2434508397	1	5	6	5	PL
2125964983	2	8	9	5	PL
1966319818	3	10	30	5	PL
2479861089	2	2	22	5	PL
1901180211	0	4	0	5	PL
2600065006	1	3	4	5	PL
2714362909	1	1	20	5	PL
728753739	2	7	9	5	PL
1943660802	4	10	52	5	PL
2955931533	3	7	28	5	PL
2896688139	1	1	1	5	PL
2520643756	1	4	6	5	PL
1914174022	3	3	16	5	PL
2604138003	1	1	11	5	PL
2952824472	1	1	6	6	PL
2045416381	1	1	9	6	PL
1753486609	1	1	2	6	PL
2513999457	2	7	8	6	PL
1981455416	2	5	18	6	PL
2973507182	1	1	2	6	PL
2986746621	1	1	5	6	PL
2477662971	1	2	105	6	PL
2890965975	0	1	0	6	PL
2055251859	5	7	81	6	PL
2521212957	1	1	11	6	PL
2555784120	2	2	10	6	PL
2799021661	1	1	7	6	PL
2616864807	0	1	0	6	PL
2967908872	0	1	0	6	PL
2224141807	1	3	1	6	PL
2520234492	0	1	0	6	PL
215399164	2	2	15	6	PL
2675719990	1	1	11	6	PL
2226143757	1	2	4	6	PL
2694431374	2	2	21	6	PL
2973256832	1	1	2	6	PL
2528760134	0	3	0	6	PL
2129647900	2	3	16	6	PL
2755910589	0	1	0	6	PL
2337923111	1	1	8	6	PL
2065132483	1	1	44	6	PL
1995370401	0	1	0	6	PL
2972349469	0	1	0	6	PL
2972906661	0	1	0	6	PL
2583067728	1	1	9	6	PL
2429910679	6	24	132	6	PL
2652995669	1	1	7	7	PL
2788001194	1	1	24	7	PL
2565329984	1	1	8	7	PL
2037126762	5	11	51	7	PL
2707160646	1	1	7	7	PL
