2241580342	15	42	3543	1	SG
2438073521	36	223	5351	2	SG
2435452841	1	1	2	2	SG
2039320653	3	11	51	2	SG
2694123922	1	1	39	2	SG
2052788744	6	8	222	2	SG
2475464555	3	6	55	2	SG
2305367263	22	168	1577	2	SG
2223187212	3	9	39	2	SG
2646189545	1	1	2	2	SG
2692753029	0	1	0	2	SG
2119150818	4	15	111	2	SG
350694664	5	7	324	2	SG
2161618601	7	10	146	2	SG
73543750	4	5	29	2	SG
2128753331	17	108	1083	2	SG
2227713379	19	274	1507	2	SG
2614376820	14	56	881	2	SG
2981509785	17	80	1067	2	SG
2169585063	6	46	160	2	SG
2131542109	26	127	2272	2	SG
2112374662	17	50	980	2	SG
2123778117	39	180	7556	2	SG
2155891168	4	4	432	2	SG
2224933376	1	1	8	2	SG
2594426199	38	137	4776	2	SG
1208143757	24	92	3627	2	SG
2147735703	16	48	793	2	SG
2126011840	5	5	70	2	SG
2165991770	7	15	332	2	SG
2225731362	1	1	14	2	SG
2120317476	6	11	101	2	SG
2098265236	8	62	360	2	SG
2102660324	18	52	1254	3	SG
2152992593	2	3	106	3	SG
2969313325	0	2	0	3	SG
2229281295	4	9	111	3	SG
2307924496	1	1	10	3	SG
2024546921	3	5	47	3	SG
2303994464	5	11	48	3	SG
2140024156	8	14	532	3	SG
2114072139	15	48	639	3	SG
2184326731	11	22	974	3	SG
2580033501	4	10	65	3	SG
2892772000	4	11	59	3	SG
2147365671	10	23	213	3	SG
2496280198	3	8	59	3	SG
2683057826	3	5	37	3	SG
2183805658	1	1	1	3	SG
2973253524	1	2	1	3	SG
2251965004	20	88	1465	3	SG
2100839114	3	3	52	3	SG
2098610922	2	6	20	3	SG
2137540100	1	3	5	3	SG
2114865087	7	20	149	3	SG
2894351163	4	8	40	3	SG
2110410051	2	4	26	3	SG
2464829113	10	21	774	3	SG
1975275255	5	7	236	3	SG
2777304882	11	35	496	3	SG
2096910461	27	94	2598	3	SG
2154321678	9	18	318	3	SG
2115394736	39	236	6676	3	SG
2141741215	22	158	2075	3	SG
2139514608	1	4	5	3	SG
2310564226	6	30	150	3	SG
2893834671	1	1	3	3	SG
2529192563	6	49	140	3	SG
2276223758	1	1	5	3	SG
2963041268	10	38	285	3	SG
2225630254	1	1	3	3	SG
437284293	2	4	20	3	SG
2715840523	10	39	698	3	SG
2016309378	16	33	1082	3	SG
2226418753	3	5	16	3	SG
677148088	7	15	454	3	SG
2145941379	3	3	60	3	SG
2163242989	7	17	108	3	SG
1128565203	9	29	217	3	SG
2289602261	3	8	31	3	SG
2679410539	7	18	259	3	SG
2984809734	6	24	86	3	SG
2161284698	3	6	81	3	SG
2224200024	3	3	81	3	SG
2951125447	0	1	0	3	SG
2919930413	2	2	40	3	SG
189832035	2	3	22	3	SG
2134548422	6	27	335	3	SG
2110955872	8	16	257	3	SG
2306778192	7	43	149	3	SG
2127996087	5	10	129	3	SG
2294326701	1	1	9	3	SG
2095361144	3	4	35	3	SG
2613490428	7	35	133	3	SG
2310322613	4	4	31	3	SG
1987755121	9	17	276	3	SG
2625291475	1	1	2	3	SG
2160512397	2	7	54	3	SG
2524368398	1	1	5	3	SG
2163134888	4	5	48	3	SG
2518341380	10	19	1255	3	SG
2120145562	2	4	11	3	SG
2304039646	3	4	28	3	SG
1872157423	14	31	1289	3	SG
2186337131	53	266	8981	3	SG
2028919870	2	2	120	3	SG
2256330535	7	25	380	3	SG
2620055343	9	15	591	3	SG
1498996866	5	15	203	3	SG
2107827657	3	5	36	3	SG
2547837372	1	1	12	3	SG
2649680574	1	2	5	3	SG
2109402491	26	166	2277	3	SG
2101014498	3	3	28	3	SG
2953114168	4	8	63	3	SG
2943808081	3	4	20	3	SG
2270098999	6	35	210	3	SG
2101804055	14	37	540	3	SG
2150170697	6	15	133	3	SG
2133919686	18	56	1192	3	SG
2576812043	2	4	11	3	SG
2117406448	1	7	4	3	SG
2212434730	4	5	1895	3	SG
2629112927	12	36	674	3	SG
2423985264	6	9	89	3	SG
2892568951	2	3	36	3	SG
2142312900	7	17	515	3	SG
2101025497	4	5	29	3	SG
2102467351	4	16	129	3	SG
2100894851	19	39	1439	3	SG
2973310390	7	27	141	3	SG
2230394843	22	66	1592	3	SG
2145854837	5	7	125	3	SG
2227513241	9	20	273	3	SG
2982882842	1	1	2	3	SG
2145726188	19	62	944	3	SG
2153591246	1	2	8	3	SG
2484417822	1	1	15	3	SG
2133014586	30	176	3010	3	SG
2152020443	5	37	208	3	SG
2431860220	1	2	7	3	SG
2294627979	1	3	11	3	SG
2166702024	10	49	467	3	SG
2142978152	1	1	2	3	SG
2063026440	13	111	808	3	SG
1039617489	3	9	18	3	SG
2296729424	21	264	1800	3	SG
2501595541	2	4	4	3	SG
2660062287	1	2	1	3	SG
2144556383	10	38	390	3	SG
2721404323	13	22	528	3	SG
2201441985	26	304	3037	3	SG
2097633994	21	165	1799	3	SG
2118868783	19	95	1325	3	SG
2225431271	2	3	29	3	SG
2153735138	1	1	4	3	SG
2097246156	5	7	142	3	SG
2135519428	18	54	1663	3	SG
2893509152	1	2	2	3	SG
2155050195	22	98	1381	3	SG
2609870165	1	2	1	3	SG
2668328581	7	14	173	3	SG
2166322827	10	20	248	3	SG
2805955073	5	5	320	3	SG
2500819538	4	5	53	3	SG
2100002107	4	8	44	3	SG
2658631138	11	20	838	3	SG
2141422720	7	13	193	3	SG
2154661102	6	8	104	3	SG
2120452001	8	15	312	3	SG
2154137932	31	252	3740	3	SG
2699266411	1	1	1	3	SG
2306315222	5	9	247	3	SG
2894436243	7	14	169	3	SG
2142608344	28	131	4655	3	SG
2585894871	1	1	2	3	SG
2166596178	4	5	162	3	SG
2120852253	1	3	3	3	SG
2952373167	3	5	21	3	SG
2501092579	12	37	479	3	SG
2169873663	20	51	884	3	SG
2336468772	1	1	16	3	SG
2501226353	6	11	138	3	SG
2117055168	25	153	2123	3	SG
2975184401	1	1	37	3	SG
2140518086	3	8	138	3	SG
209172437	30	244	4544	3	SG
2974398499	1	1	30	3	SG
2118498887	29	122	4644	3	SG
2222046571	5	6	99	3	SG
2670444448	5	10	131	3	SG
2171191827	14	19	3045	3	SG
2115224755	3	5	38	3	SG
2047460678	8	14	125	3	SG
2151663131	2	4	17	3	SG
2310260854	3	8	30	3	SG
2311440791	13	56	522	3	SG
2974143426	1	1	55	3	SG
2243417581	9	15	231	3	SG
2124928575	6	10	170	3	SG
2356270821	1	1	1	3	SG
2134759648	6	7	118	3	SG
2093472404	2	4	89	3	SG
2134891245	16	49	889	3	SG
2139479959	5	9	532	3	SG
2308170381	10	48	294	3	SG
2783699674	2	5	39	3	SG
2162025929	23	136	3253	3	SG
2147346151	20	56	1341	3	SG
2152196599	4	10	95	3	SG
2293100107	3	3	47	3	SG
2143024746	13	23	471	3	SG
2673998524	2	4	10	3	SG
2143026307	2	3	145	3	SG
2135686329	1	1	6	3	SG
2305297893	3	6	138	4	SG
2710049398	1	1	13	4	SG
2660505351	1	1	1	4	SG
2558008675	3	11	25	4	SG
2130452447	6	11	127	4	SG
2225611994	1	1	10	4	SG
2645306980	7	10	289	4	SG
226507452	3	6	53	4	SG
2985313384	1	1	30	4	SG
2140161148	3	6	26	4	SG
2175551951	3	8	31	4	SG
2644266877	2	2	11	4	SG
2354336080	4	6	58	4	SG
2712427222	1	2	74	4	SG
2576899837	1	3	49	4	SG
2572444533	1	1	123	4	SG
2634836331	4	13	47	4	SG
2779015935	1	1	13	4	SG
2712433978	0	1	0	4	SG
2477553484	2	3	161	4	SG
2227470818	1	1	1	4	SG
2964095470	1	2	17	4	SG
2163508197	4	4	28	4	SG
2148308148	3	4	52	4	SG
2121570369	15	86	895	4	SG
2129699720	3	5	23	4	SG
2683611562	1	1	10	4	SG
2973544076	1	1	8	4	SG
2224861118	2	2	27	4	SG
2306915309	3	4	65	4	SG
2915352173	0	1	0	4	SG
2057618079	4	10	58	4	SG
2765934272	0	1	0	4	SG
2481246705	1	1	1	4	SG
2973291066	1	1	3	4	SG
2164315935	9	18	240	4	SG
2226182480	1	1	3	4	SG
2909330647	0	1	0	4	SG
2974081353	1	1	7	4	SG
2161437500	23	43	4429	4	SG
2277831479	1	1	7	4	SG
2172192105	1	4	29	4	SG
2589265367	3	3	69	4	SG
2664241009	5	5	63	4	SG
2191334377	5	12	95	4	SG
2463703822	1	1	50	4	SG
2134975593	4	4	90	4	SG
2225940392	4	16	39	4	SG
2974361617	1	1	1	4	SG
2803181660	1	2	34	4	SG
2647468418	1	1	157	4	SG
2984848730	1	1	5	4	SG
2561749152	0	1	0	4	SG
2601859006	1	1	29	4	SG
2626762723	2	2	161	4	SG
2135767482	1	2	5	4	SG
2706455048	7	19	213	4	SG
2494118597	0	1	0	4	SG
2404204318	1	1	4	4	SG
2305377017	4	9	31	4	SG
1678590764	2	7	81	4	SG
2634368262	1	1	4	4	SG
2164344465	1	3	11	4	SG
2430159358	4	6	28	4	SG
2139179613	1	1	2	4	SG
2698333475	1	1	16	4	SG
2109822626	5	11	105	4	SG
2804504825	1	2	4	4	SG
2115590936	4	10	62	4	SG
2766495888	1	1	2	4	SG
2105107542	4	13	32	4	SG
2805032779	0	1	0	4	SG
2676582652	0	1	0	4	SG
2664787154	1	1	1	4	SG
2225697761	1	1	3	4	SG
2605806973	1	1	4	4	SG
2129230389	1	4	4	4	SG
2098297784	2	2	101	4	SG
2569632977	1	1	6	4	SG
2696249069	1	1	32	4	SG
2100920428	7	12	323	4	SG
2637268657	2	2	47	4	SG
2423883986	3	4	42	4	SG
2866645783	1	1	2	4	SG
2099350427	12	27	705	4	SG
2962855108	1	2	3	4	SG
2172491932	0	1	0	4	SG
2105907538	5	7	119	4	SG
2807406143	0	1	0	4	SG
2886578512	1	1	1	4	SG
2985941992	1	2	1	4	SG
2608193251	1	2	7	4	SG
2149179699	4	36	61	4	SG
2121393325	10	34	631	4	SG
2974148196	1	1	14	4	SG
2342643959	2	2	10	4	SG
2952129589	2	2	7	4	SG
2278944292	2	7	9	4	SG
253098413	2	4	21	4	SG
2973367902	0	1	0	4	SG
2700738169	1	1	2	4	SG
2281308019	3	3	313	4	SG
2305425491	2	3	82	4	SG
2325876465	1	1	17	4	SG
2623148348	1	2	4	4	SG
2167544873	6	7	70	4	SG
2530352735	1	1	10	4	SG
2309366387	1	2	7	4	SG
2476617863	1	1	7	4	SG
1973302748	3	5	23	4	SG
2287089479	1	1	24	4	SG
2135046130	3	5	32	4	SG
2243049747	1	1	10	4	SG
2024945953	4	8	148	4	SG
2200582816	6	14	86	4	SG
2991210098	0	1	0	4	SG
1242713083	1	5	2	4	SG
2699971993	2	2	16	4	SG
2073448277	5	6	74	4	SG
2225230018	1	1	8	4	SG
1973312490	3	7	37	4	SG
2293391717	3	10	53	4	SG
2121687587	2	2	53	4	SG
2618976204	2	3	47	4	SG
2962911803	5	5	73	4	SG
2103342352	4	4	47	4	SG
2973398350	2	3	27	4	SG
2433907325	4	8	43	4	SG
2881650023	5	13	155	4	SG
2680585658	2	2	25	4	SG
2048556477	2	2	19	4	SG
2710470254	1	1	1	4	SG
2115142448	2	4	18	4	SG
2120910370	0	4	0	4	SG
2771290218	1	2	6	4	SG
2171505841	11	13	511	4	SG
2123009656	28	109	2586	4	SG
2104399034	5	25	106	4	SG
2147916204	3	4	44	4	SG
2974195344	1	1	1	4	SG
2242289820	1	3	3	4	SG
2509939463	1	1	14	4	SG
2644423967	1	1	2	4	SG
2316483950	13	31	642	4	SG
2065352365	6	12	132	4	SG
2227095836	1	1	1	4	SG
2664353240	1	1	1	4	SG
2305740882	4	5	193	4	SG
1853282014	1	2	2	4	SG
2719406888	0	3	0	4	SG
2974739615	1	1	7	4	SG
2974477630	3	4	25	4	SG
2099441594	1	2	12	4	SG
2160001771	3	6	19	4	SG
2989425800	1	1	17	4	SG
2127502105	4	7	246	4	SG
2307334734	11	16	1082	4	SG
2770806743	1	1	1	4	SG
2567383051	1	1	1	4	SG
2974755815	1	1	8	4	SG
2966369037	2	2	14	4	SG
2650748704	1	2	5	4	SG
2228434975	1	1	2	4	SG
2406693855	1	1	3	4	SG
2282438299	3	5	14	4	SG
2573418370	1	1	5	4	SG
2104706874	1	7	4	4	SG
2101824848	14	25	1087	4	SG
2239189476	1	1	17	4	SG
2806995260	1	1	17	4	SG
2635030606	1	1	63	4	SG
2630575874	0	1	0	4	SG
2064869227	2	2	42	4	SG
2489544012	0	2	0	4	SG
2041542845	8	24	233	4	SG
2104459023	14	35	862	4	SG
2609875366	5	11	79	4	SG
2128841349	5	6	100	4	SG
2089522629	3	5	47	4	SG
2222691895	1	1	1	4	SG
2991562008	0	1	0	4	SG
2720505777	1	1	53	4	SG
2974785736	4	8	31	4	SG
2803867907	1	1	9	4	SG
2133566039	3	8	36	4	SG
2031594641	6	10	317	4	SG
2304488512	7	15	162	4	SG
2669130921	1	1	8	4	SG
2021116501	3	4	37	4	SG
2125712840	3	7	29	4	SG
2232143569	1	1	28	4	SG
2258358231	1	2	157	4	SG
203411962	2	2	11	4	SG
2670974835	1	1	1	4	SG
2505825810	1	1	3	4	SG
2649218787	2	3	17	4	SG
2974279903	1	1	3	4	SG
2986338652	1	1	5	4	SG
2475421549	6	9	85	4	SG
2695361301	2	2	41	4	SG
2657875075	1	1	4	4	SG
145487547	1	1	27	4	SG
2305817187	1	2	4	4	SG
1542193756	0	1	0	5	SG
2549220672	1	1	61	5	SG
2311587696	1	2	3	5	SG
2490633272	2	6	20	5	SG
2644644916	1	1	18	5	SG
2780043463	1	1	1	5	SG
2698517497	1	1	15	5	SG
2550799710	1	2	2	5	SG
2640194545	1	2	5	5	SG
2804822333	1	1	1	5	SG
2227455986	1	1	62	5	SG
2889763607	0	2	0	5	SG
2306761856	3	3	17	5	SG
2151576367	2	2	43	5	SG
2294452625	0	2	0	5	SG
2982188966	0	1	0	5	SG
2516231701	1	1	6	5	SG
2421728801	1	1	5	5	SG
2974069937	2	5	13	5	SG
2556082686	0	1	0	5	SG
2576531404	1	1	8	5	SG
2646788588	1	1	2	5	SG
2421085051	1	1	1	5	SG
2682188313	1	1	10	5	SG
2501964673	3	3	48	5	SG
2630024985	1	1	1	5	SG
2222785739	0	1	0	5	SG
2698839625	1	1	1	5	SG
2117275555	1	1	1	5	SG
2281250781	0	1	0	5	SG
2149917731	1	3	21	5	SG
2778670785	1	1	5	5	SG
2974099137	0	1	0	5	SG
2107451118	1	1	85	5	SG
2669753564	1	1	2	5	SG
2982229804	0	1	0	5	SG
2108113980	3	5	129	5	SG
2674869416	0	1	0	5	SG
2983152783	0	2	0	5	SG
2224772222	1	1	4	5	SG
2304727268	2	3	5	5	SG
2370263406	0	1	0	5	SG
2584567600	1	1	10	5	SG
2574999872	1	1	28	5	SG
2914738845	0	1	0	5	SG
2290709542	1	1	18	5	SG
2112583984	1	3	11	5	SG
2550889402	1	1	13	5	SG
2579205134	1	1	5	5	SG
2687343019	1	1	7	5	SG
2955648356	0	1	0	5	SG
2055708867	3	5	23	5	SG
2658248109	1	1	2	5	SG
2973739488	1	1	2	5	SG
2624957869	1	1	225	5	SG
2312875961	1	1	1	5	SG
2316416411	0	1	0	5	SG
2577643645	1	1	7	5	SG
2310257429	3	4	78	5	SG
2552751738	1	1	1	5	SG
2181425573	2	2	17	5	SG
2229661263	4	8	30	5	SG
2515792904	0	4	0	5	SG
2973281741	1	1	2	6	SG
2475812076	1	1	1	6	SG
2665342851	0	1	0	6	SG
2148792633	1	1	8	7	SG
