id_Aminer_dblp_v12
75351039,2659867364
2224046207
2973839166
1968041664,2662665733
2193746894
2121245618
2137842401
2697903471,2677697318,2631925971
2137000881
2126658068
2118103072
2144633556,3004195298
2602723040
1977779096
2011551863
2110197654,2974099535
2159147199
2809216397,1972300922,2647752685,1972300922,2655172098,2984684194
2098910421
2780033398,2163136642
2110203303
2327738716
1964658237
2079447303
350567680
2161752438
1941499373
2053339767
2048198971
2087817183
1785551945
327575412
2102135011
2086686599
2149385398
2163096604
2171343426
2208808115
2131537204
2097474894
2088166175
2141765675
2096116960
695545146
2201755339
2009176085
1974749230
2029905547
2610176178
2681190977
2988412133
2129477832
2115834734
2105927184
2084056563
2883849627
2000097935
2248165042
1728759264
699581604
2096750770
1998938290
2986284581
2146312211
2308609296
1965698830
2098984663
161269817
563069026
2053214915
2225733586
2693271473
